Gen   0:	6695	6524	6769	6732	6641	6639
Gen   1:	8907	6144	6405	6278	6153	6113
Gen   2:	10666	5806	6164	5966	5763	5635
Gen   3:	12086	5568	6025	5640	5448	5233
Gen   4:	13217	5350	5892	5459	5162	4920
Gen   5:	14249	5163	5819	5236	4950	4583
Gen   6:	15080	5022	5748	5067	4762	4321
Gen   7:	15781	4890	5731	4947	4591	4060
Gen   8:	16384	4791	5688	4813	4474	3850
Gen   9:	16827	4690	5749	4710	4342	3682
Gen  10:	17335	4611	5727	4627	4204	3496
Gen  11:	17848	4540	5711	4506	4073	3322
Gen  12:	18139	4488	5769	4464	3966	3174
Gen  13:	18458	4438	5803	4449	3842	3010
Gen  14:	18778	4374	5803	4405	3745	2895
Gen  15:	19004	4305	5864	4385	3683	2759
Gen  16:	19145	4253	5894	4399	3651	2658
Gen  17:	19402	4177	5957	4364	3575	2525
Gen  18:	19604	4086	6032	4340	3507	2431
Gen  19:	19773	3973	6113	4345	3444	2352
Gen  20:	19890	3940	6128	4378	3389	2275
Gen  21:	20031	3901	6145	4379	3347	2197
Gen  22:	20211	3812	6150	4378	3322	2127
Gen  23:	20314	3776	6242	4347	3281	2040
Gen  24:	20368	3717	6340	4334	3243	1998
Gen  25:	20403	3698	6404	4356	3206	1933
Gen  26:	20521	3642	6426	4356	3168	1887
Gen  27:	20635	3597	6499	4333	3120	1816
Gen  28:	20746	3524	6563	4367	3051	1749
Gen  29:	20798	3513	6558	4380	3040	1711
Gen  30:	20801	3471	6664	4399	2999	1666
Gen  31:	20918	3421	6666	4436	2949	1610
Gen  32:	20936	3377	6728	4445	2931	1583
Gen  33:	21061	3307	6734	4458	2895	1545
Gen  34:	21092	3276	6785	4462	2891	1494
Gen  35:	21190	3173	6859	4468	2879	1431
Gen  36:	21250	3140	6899	4470	2851	1390
Gen  37:	21239	3146	6938	4500	2828	1349
Gen  38:	21317	3114	6937	4524	2795	1313
Gen  39:	21268	3095	7004	4567	2779	1287
Gen  40:	21317	3044	7022	4603	2761	1253
Gen  41:	21307	3009	7116	4600	2730	1238
Gen  42:	21241	2996	7173	4649	2722	1219
Gen  43:	21308	2951	7168	4680	2707	1186
Gen  44:	21340	2908	7171	4748	2676	1157
Gen  45:	21425	2888	7146	4745	2666	1130
Gen  46:	21388	2860	7188	4777	2688	1099
Gen  47:	21478	2800	7179	4817	2655	1071
Gen  48:	21527	2729	7201	4856	2635	1052
Gen  49:	21467	2687	7275	4885	2647	1039
Gen  50:	21406	2671	7323	4913	2642	1045
Gen  51:	21400	2670	7351	4927	2624	1028
Gen  52:	21369	2651	7393	4934	2638	1015
Gen  53:	21396	2614	7393	4968	2643	986
Gen  54:	21409	2595	7420	4985	2624	967
Gen  55:	21361	2563	7489	4981	2667	939
Gen  56:	21336	2537	7534	5001	2674	918
Gen  57:	21402	2512	7555	4994	2633	904
Gen  58:	21402	2474	7575	5035	2624	890
Gen  59:	21446	2444	7552	5037	2639	882
Gen  60:	21519	2402	7528	5040	2634	877
Gen  61:	21478	2380	7539	5085	2643	875
Gen  62:	21443	2343	7569	5110	2643	892
Gen  63:	21380	2325	7622	5162	2632	879
Gen  64:	21353	2320	7637	5192	2626	872
Gen  65:	21347	2294	7642	5227	2630	860
Gen  66:	21337	2267	7632	5282	2642	840
Gen  67:	21399	2233	7629	5286	2616	837
Gen  68:	21310	2230	7652	5341	2632	835
Gen  69:	21393	2191	7627	5339	2628	822
Gen  70:	21424	2194	7566	5384	2625	807
Gen  71:	21345	2179	7591	5421	2654	810
Gen  72:	21318	2157	7579	5463	2672	811
Gen  73:	21261	2151	7564	5510	2706	808
Gen  74:	21244	2145	7609	5520	2710	772
Gen  75:	21186	2108	7680	5586	2678	762
Gen  76:	21184	2059	7731	5607	2679	740
Gen  77:	21189	2042	7714	5646	2670	739
Gen  78:	21180	2008	7735	5635	2702	740
Gen  79:	21186	1984	7717	5645	2717	751
Gen  80:	21158	1967	7755	5672	2705	743
Gen  81:	21137	1936	7769	5723	2677	758
Gen  82:	21257	1899	7757	5684	2643	760
Gen  83:	21223	1879	7780	5715	2643	760
Gen  84:	21285	1853	7771	5712	2634	745
Gen  85:	21218	1820	7818	5763	2645	736
Gen  86:	21200	1792	7852	5797	2630	729
Gen  87:	21128	1777	7861	5855	2644	735
Gen  88:	21130	1766	7827	5898	2652	727
Gen  89:	21072	1787	7815	5918	2681	727
Gen  90:	21126	1769	7737	5942	2691	735
Gen  91:	21169	1736	7759	5956	2638	742
Gen  92:	21244	1708	7713	5960	2644	731
Gen  93:	21232	1708	7709	6001	2622	728
Gen  94:	21296	1671	7684	5983	2630	736
Gen  95:	21321	1647	7666	6029	2607	730
Gen  96:	21379	1609	7654	6029	2610	719
Gen  97:	21381	1570	7687	6035	2615	712
Gen  98:	21299	1551	7711	6072	2634	733
Gen  99:	21186	1543	7719	6146	2666	740
Gen 100:	21170	1533	7709	6167	2681	740
Gen 101:	21211	1496	7708	6186	2663	736
Gen 102:	21275	1479	7678	6187	2648	733
Gen 103:	21267	1456	7691	6166	2683	737
Gen 104:	21227	1445	7705	6189	2695	739
Gen 105:	21253	1451	7675	6167	2707	747
Gen 106:	21291	1429	7593	6214	2725	748
Gen 107:	21337	1411	7602	6211	2698	741
Gen 108:	21304	1392	7601	6234	2725	744
Gen 109:	21261	1380	7588	6256	2768	747
Gen 110:	21300	1346	7534	6295	2778	747
Gen 111:	21295	1347	7493	6355	2783	727
Gen 112:	21281	1344	7448	6403	2792	732
Gen 113:	21310	1339	7409	6394	2821	727
Gen 114:	21300	1330	7414	6417	2822	717
Gen 115:	21217	1314	7481	6467	2811	710
Gen 116:	21222	1293	7465	6506	2802	712
Gen 117:	21278	1282	7417	6488	2825	710
Gen 118:	21375	1284	7343	6497	2797	704
Gen 119:	21435	1279	7331	6473	2780	702
Gen 120:	21469	1252	7329	6475	2762	713
Gen 121:	21449	1236	7332	6506	2770	707
Gen 122:	21405	1209	7373	6535	2771	707
Gen 123:	21346	1211	7406	6556	2773	708
Gen 124:	21335	1200	7401	6584	2765	715
Gen 125:	21381	1187	7377	6563	2787	705
Gen 126:	21456	1176	7331	6548	2777	712
Gen 127:	21361	1158	7330	6621	2816	714
Gen 128:	21381	1141	7340	6619	2803	716
Gen 129:	21368	1134	7316	6649	2804	729
Gen 130:	21377	1125	7307	6670	2791	730
Gen 131:	21415	1106	7277	6668	2814	720
Gen 132:	21341	1097	7311	6696	2837	718
Gen 133:	21383	1080	7316	6650	2874	697
Gen 134:	21427	1059	7261	6668	2885	700
Gen 135:	21378	1056	7298	6706	2859	703
Gen 136:	21411	1047	7279	6682	2869	712
Gen 137:	21417	1028	7232	6716	2883	724
Gen 138:	21399	1019	7219	6719	2905	739
Gen 139:	21394	1014	7197	6749	2911	735
Gen 140:	21271	997	7184	6859	2948	741
Gen 141:	21255	988	7206	6864	2944	743
Gen 142:	21297	968	7181	6833	2977	744
Gen 143:	21224	973	7188	6914	2960	741
Gen 144:	21201	966	7192	6932	2963	746
Gen 145:	21211	927	7184	6983	2951	744
Gen 146:	21303	933	7147	6938	2927	752
Gen 147:	21338	912	7121	6965	2922	742
Gen 148:	21247	907	7144	6996	2953	753
Gen 149:	21241	909	7104	7003	2987	756
Gen 150:	21252	882	7134	6980	2981	771
Gen 151:	21253	862	7108	6990	3009	778
Gen 152:	21282	868	7066	6985	3019	780
Gen 153:	21242	854	7103	6984	3039	778
Gen 154:	21272	830	7081	7007	3036	774
Gen 155:	21217	812	7067	7037	3081	786
Gen 156:	21224	826	7077	7008	3076	789
Gen 157:	21196	831	7104	7053	3040	776
Gen 158:	21191	825	7095	7069	3054	766
Gen 159:	21285	813	7001	7081	3054	766
Gen 160:	21268	798	6970	7117	3067	780
Gen 161:	21317	796	6924	7085	3111	767
Gen 162:	21252	791	6960	7096	3124	777
Gen 163:	21274	794	6935	7094	3115	788
Gen 164:	21268	795	6917	7109	3130	781
Gen 165:	21324	790	6889	7095	3131	771
Gen 166:	21322	794	6882	7104	3130	768
Gen 167:	21383	790	6809	7115	3140	763
Gen 168:	21409	767	6809	7098	3158	759
Gen 169:	21378	777	6816	7089	3178	762
Gen 170:	21373	778	6797	7100	3202	750
Gen 171:	21403	787	6781	7093	3189	747
Gen 172:	21360	791	6831	7084	3185	749
Gen 173:	21341	793	6857	7110	3163	736
Gen 174:	21279	780	6887	7141	3169	744
Gen 175:	21271	768	6841	7199	3179	742
Gen 176:	21258	758	6806	7225	3194	759
Gen 177:	21249	763	6803	7228	3186	771
Gen 178:	21255	743	6789	7224	3205	784
Gen 179:	21291	751	6715	7246	3208	789
Gen 180:	21255	759	6734	7244	3227	781
Gen 181:	21214	749	6750	7260	3236	791
Gen 182:	21204	747	6740	7283	3233	793
Gen 183:	21155	733	6760	7300	3260	792
Gen 184:	21171	742	6767	7245	3282	793
Gen 185:	21239	735	6768	7211	3265	782
Gen 186:	21189	744	6778	7191	3301	797
Gen 187:	21147	726	6802	7207	3335	783
Gen 188:	21188	730	6751	7223	3324	784
Gen 189:	21237	731	6706	7219	3328	779
Gen 190:	21286	737	6644	7228	3320	785
Gen 191:	21217	723	6644	7290	3324	802
Gen 192:	21243	704	6628	7270	3344	811
Gen 193:	21169	684	6659	7306	3355	827
Gen 194:	21193	674	6657	7277	3381	818
Gen 195:	21213	659	6636	7273	3414	805
Gen 196:	21207	660	6624	7303	3399	807
Gen 197:	21216	640	6590	7333	3422	799
Gen 198:	21274	630	6568	7316	3418	794
Gen 199:	21239	619	6570	7357	3425	790
Gen 200:	21286	626	6524	7330	3445	789
Gen 201:	21268	640	6524	7342	3426	800
Gen 202:	21283	635	6482	7360	3438	802
Gen 203:	21303	639	6438	7377	3444	799
Gen 204:	21306	618	6427	7384	3452	813
Gen 205:	21266	616	6407	7397	3488	826
Gen 206:	21214	610	6417	7430	3497	832
Gen 207:	21189	603	6386	7460	3532	830
Gen 208:	21178	586	6381	7450	3563	842
Gen 209:	21121	594	6387	7496	3559	843
Gen 210:	21205	584	6354	7475	3544	838
Gen 211:	21187	577	6369	7480	3556	831
Gen 212:	21196	580	6360	7464	3561	839
Gen 213:	21282	577	6291	7436	3568	846
Gen 214:	21250	588	6296	7443	3565	858
Gen 215:	21247	579	6327	7423	3546	878
Gen 216:	21168	560	6329	7504	3555	884
Gen 217:	21150	555	6344	7505	3560	886
Gen 218:	21136	541	6340	7545	3555	883
Gen 219:	21200	527	6294	7553	3538	888
Gen 220:	21232	530	6270	7565	3530	873
Gen 221:	21206	517	6276	7590	3540	871
Gen 222:	21129	508	6316	7616	3560	871
Gen 223:	21103	513	6343	7625	3559	857
Gen 224:	21143	502	6308	7627	3542	878
Gen 225:	21151	496	6314	7577	3566	896
Gen 226:	21151	498	6294	7584	3583	890
Gen 227:	21160	488	6261	7573	3629	889
Gen 228:	21180	491	6274	7550	3610	895
Gen 229:	21089	486	6289	7571	3652	913
Gen 230:	21140	476	6235	7593	3649	907
Gen 231:	21140	477	6217	7611	3632	923
Gen 232:	21114	477	6228	7630	3625	926
Gen 233:	21126	495	6188	7645	3630	916
Gen 234:	21167	480	6175	7639	3622	917
Gen 235:	21145	484	6174	7646	3634	917
Gen 236:	21177	479	6150	7643	3645	906
Gen 237:	21086	473	6185	7677	3679	900
Gen 238:	21045	469	6197	7673	3712	904
Gen 239:	21032	461	6225	7681	3701	900
Gen 240:	21041	450	6228	7673	3696	912
Gen 241:	21070	448	6238	7622	3704	918
Gen 242:	21085	449	6245	7617	3696	908
Gen 243:	21076	436	6225	7629	3719	915
Gen 244:	21175	426	6161	7635	3698	905
Gen 245:	21265	414	6132	7594	3682	913
Gen 246:	21298	404	6101	7591	3682	924
Gen 247:	21262	399	6107	7609	3682	941
Gen 248:	21296	403	6066	7591	3688	956
Gen 249:	21304	397	6062	7547	3739	951
Gen 250:	21201	390	6115	7583	3758	953
Gen 251:	21210	379	6122	7558	3787	944
Gen 252:	21220	382	6111	7560	3804	923
Gen 253:	21245	380	6102	7533	3813	927
Gen 254:	21264	368	6103	7514	3811	940
Gen 255:	21288	366	6065	7541	3803	937
Gen 256:	21238	361	6101	7544	3824	932
Gen 257:	21315	356	6056	7549	3797	927
Gen 258:	21276	358	6064	7546	3821	935
Gen 259:	21295	346	6062	7534	3834	929
Gen 260:	21258	341	6081	7555	3815	950
Gen 261:	21207	334	6119	7555	3827	958
Gen 262:	21273	333	6078	7544	3815	957
Gen 263:	21298	325	6071	7534	3812	960
Gen 264:	21356	324	6089	7487	3791	953
Gen 265:	21381	320	6039	7526	3795	939
Gen 266:	21342	320	6047	7566	3786	939
Gen 267:	21287	328	6041	7601	3793	950
Gen 268:	21286	321	6000	7585	3838	970
Gen 269:	21260	315	5983	7595	3862	985
Gen 270:	21292	301	5950	7605	3859	993
Gen 271:	21287	300	5942	7633	3847	991
Gen 272:	21289	299	5945	7624	3846	997
Gen 273:	21261	290	5952	7630	3871	996
Gen 274:	21229	296	5985	7598	3884	1008
Gen 275:	21184	287	5991	7638	3901	999
Gen 276:	21202	288	6004	7586	3911	1009
Gen 277:	21154	293	6003	7602	3916	1032
Gen 278:	21115	296	6017	7601	3924	1047
Gen 279:	21111	300	5998	7607	3934	1050
Gen 280:	21141	306	5982	7580	3936	1055
Gen 281:	21171	290	5969	7535	3967	1068
Gen 282:	21129	290	5983	7543	3981	1074
Gen 283:	21182	290	5902	7555	4015	1056
Gen 284:	21190	284	5886	7547	4028	1065
Gen 285:	21200	289	5855	7532	4032	1092
Gen 286:	21180	288	5839	7538	4057	1098
Gen 287:	21171	296	5844	7509	4073	1107
Gen 288:	21119	282	5835	7555	4089	1120
Gen 289:	21195	276	5806	7514	4083	1126
Gen 290:	21247	280	5783	7464	4094	1132
Gen 291:	21240	278	5755	7483	4108	1136
Gen 292:	21192	270	5782	7511	4125	1120
Gen 293:	21240	263	5747	7492	4126	1132
Gen 294:	21237	262	5726	7520	4139	1116
Gen 295:	21260	256	5712	7535	4130	1107
Gen 296:	21224	245	5694	7568	4148	1121
Gen 297:	21217	244	5706	7566	4140	1127
Gen 298:	21201	244	5690	7582	4150	1133
Gen 299:	21203	235	5684	7605	4152	1121
Gen 300:	21115	222	5674	7656	4212	1121
Gen 301:	21198	209	5607	7640	4232	1114
Gen 302:	21191	214	5589	7662	4234	1110
Gen 303:	21185	218	5604	7659	4235	1099
Gen 304:	21140	214	5606	7667	4276	1097
Gen 305:	21056	208	5615	7667	4346	1108
Gen 306:	21011	212	5630	7679	4361	1107
Gen 307:	21051	217	5621	7668	4339	1104
Gen 308:	21055	222	5633	7621	4364	1105
Gen 309:	21066	221	5612	7632	4368	1101
Gen 310:	21105	217	5603	7635	4342	1098
Gen 311:	21069	216	5619	7643	4353	1100
Gen 312:	21054	214	5597	7681	4360	1094
Gen 313:	21017	217	5610	7686	4373	1097
Gen 314:	21018	219	5616	7662	4369	1116
Gen 315:	21063	215	5614	7640	4348	1120
Gen 316:	21192	221	5542	7597	4343	1105
Gen 317:	21150	216	5559	7610	4347	1118
Gen 318:	21156	221	5573	7595	4340	1115
Gen 319:	21173	216	5537	7601	4339	1134
Gen 320:	21174	207	5502	7610	4365	1142
Gen 321:	21192	200	5486	7626	4348	1148
Gen 322:	21188	195	5444	7649	4378	1146
Gen 323:	21208	185	5435	7637	4386	1149
Gen 324:	21238	187	5443	7594	4384	1154
Gen 325:	21250	181	5418	7581	4390	1180
Gen 326:	21274	179	5409	7560	4403	1175
Gen 327:	21284	182	5402	7552	4406	1174
Gen 328:	21273	175	5400	7518	4447	1187
Gen 329:	21271	170	5380	7505	4493	1181
Gen 330:	21206	171	5407	7526	4501	1189
Gen 331:	21215	170	5386	7549	4494	1186
Gen 332:	21155	168	5389	7593	4507	1188
Gen 333:	21181	161	5386	7575	4497	1200
Gen 334:	21151	164	5387	7585	4507	1206
Gen 335:	21130	159	5378	7604	4515	1214
Gen 336:	21079	154	5393	7637	4519	1218
Gen 337:	21044	156	5425	7633	4528	1214
Gen 338:	21056	154	5382	7654	4546	1208
Gen 339:	21020	154	5359	7678	4569	1220
Gen 340:	20941	147	5423	7710	4561	1218
Gen 341:	20959	149	5410	7697	4575	1210
Gen 342:	20983	149	5388	7661	4594	1225
Gen 343:	21012	148	5380	7662	4582	1216
Gen 344:	21009	143	5339	7704	4577	1228
Gen 345:	21071	145	5284	7703	4564	1233
Gen 346:	21033	144	5287	7725	4565	1246
Gen 347:	21038	141	5275	7744	4555	1247
Gen 348:	21009	141	5272	7759	4569	1250
Gen 349:	21020	145	5270	7732	4584	1249
Gen 350:	20989	138	5280	7734	4601	1258
Gen 351:	21071	137	5276	7678	4584	1254
Gen 352:	21097	129	5298	7627	4596	1253
Gen 353:	21035	135	5305	7670	4600	1255
Gen 354:	21093	134	5282	7663	4581	1247
Gen 355:	21116	128	5283	7669	4574	1230
Gen 356:	21074	127	5244	7711	4598	1246
Gen 357:	20987	128	5266	7756	4610	1253
Gen 358:	21048	125	5236	7741	4593	1257
Gen 359:	21061	121	5221	7737	4608	1252
Gen 360:	21131	126	5174	7690	4601	1278
Gen 361:	21050	123	5190	7729	4630	1278
Gen 362:	21076	121	5175	7718	4625	1285
Gen 363:	21064	126	5160	7739	4630	1281
Gen 364:	20966	118	5149	7803	4672	1292
Gen 365:	20944	117	5126	7794	4717	1302
Gen 366:	21050	112	5103	7760	4683	1292
Gen 367:	21059	120	5123	7738	4680	1280
Gen 368:	21089	115	5102	7759	4662	1273
Gen 369:	21116	112	5115	7737	4633	1287
Gen 370:	21120	113	5120	7690	4645	1312
Gen 371:	21162	111	5099	7686	4621	1321
Gen 372:	21177	105	5087	7723	4581	1327
Gen 373:	21228	103	5073	7706	4573	1317
Gen 374:	21247	99	5061	7712	4559	1322
Gen 375:	21211	98	5061	7765	4550	1315
Gen 376:	21197	102	5049	7799	4540	1313
Gen 377:	21143	102	5054	7822	4570	1309
Gen 378:	21082	100	5101	7815	4592	1310
Gen 379:	21044	101	5089	7832	4619	1315
Gen 380:	21075	100	5069	7846	4596	1314
Gen 381:	21135	99	5059	7799	4594	1314
Gen 382:	21141	99	5076	7810	4562	1312
Gen 383:	21100	108	5085	7805	4589	1313
Gen 384:	21131	106	5070	7821	4568	1304
Gen 385:	21094	102	5085	7825	4601	1293
Gen 386:	21107	104	5073	7818	4616	1282
Gen 387:	21099	103	5061	7843	4598	1296
Gen 388:	21153	97	5020	7837	4600	1293
Gen 389:	21179	96	5025	7829	4579	1292
Gen 390:	21185	94	5048	7798	4599	1276
Gen 391:	21174	95	5040	7794	4620	1277
Gen 392:	21217	91	4998	7781	4633	1280
Gen 393:	21241	95	4978	7731	4682	1273
Gen 394:	21232	100	4969	7720	4694	1285
Gen 395:	21219	100	4977	7695	4722	1287
Gen 396:	21226	99	4970	7738	4697	1270
Gen 397:	21172	102	5008	7734	4712	1272
Gen 398:	21210	102	4959	7733	4718	1278
Gen 399:	21195	100	4957	7748	4721	1279
Gen 400:	21169	101	4959	7740	4749	1282
Gen 401:	21140	97	4941	7767	4752	1303
Gen 402:	21122	98	4941	7767	4777	1295
Gen 403:	21099	94	4930	7790	4795	1292
Gen 404:	21112	94	4926	7765	4805	1298
Gen 405:	21140	92	4916	7773	4791	1288
Gen 406:	21123	92	4915	7776	4814	1280
Gen 407:	21218	89	4886	7727	4804	1276
Gen 408:	21258	90	4870	7728	4783	1271
Gen 409:	21257	85	4858	7718	4799	1283
Gen 410:	21248	86	4837	7770	4776	1283
Gen 411:	21189	83	4811	7806	4820	1291
Gen 412:	21287	89	4769	7790	4768	1297
Gen 413:	21202	89	4794	7802	4789	1324
Gen 414:	21180	88	4834	7806	4770	1322
Gen 415:	21165	92	4817	7852	4753	1321
Gen 416:	21135	90	4818	7864	4768	1325
Gen 417:	21079	92	4828	7896	4779	1326
Gen 418:	21110	91	4819	7870	4776	1334
Gen 419:	21106	90	4782	7881	4806	1335
Gen 420:	21029	88	4791	7908	4849	1335
Gen 421:	20980	84	4817	7907	4875	1337
Gen 422:	20953	83	4829	7883	4905	1347
Gen 423:	20877	81	4852	7905	4927	1358
Gen 424:	20896	78	4836	7919	4944	1327
Gen 425:	20924	75	4826	7902	4943	1330
Gen 426:	20852	75	4837	7927	4969	1340
Gen 427:	20853	68	4838	7907	4961	1373
Gen 428:	20892	68	4792	7910	4964	1374
Gen 429:	20878	67	4800	7900	4975	1380
Gen 430:	20896	66	4791	7910	4943	1394
Gen 431:	20900	61	4810	7879	4962	1388
Gen 432:	20849	64	4812	7892	4994	1389
Gen 433:	20859	63	4780	7895	5016	1387
Gen 434:	20869	65	4777	7885	5020	1384
Gen 435:	20881	66	4785	7877	5021	1370
Gen 436:	20932	64	4755	7862	5013	1374
Gen 437:	20935	63	4746	7854	5032	1370
Gen 438:	20948	63	4742	7867	5005	1375
Gen 439:	20974	62	4724	7868	4994	1378
Gen 440:	21044	65	4696	7837	4982	1376
Gen 441:	21111	60	4651	7790	5007	1381
Gen 442:	21056	65	4695	7801	4977	1406
Gen 443:	20981	62	4685	7835	5008	1429
Gen 444:	20944	59	4686	7806	5061	1444
Gen 445:	20933	59	4683	7798	5083	1444
Gen 446:	20969	60	4644	7816	5068	1443
Gen 447:	20938	61	4662	7811	5078	1450
Gen 448:	21001	62	4606	7793	5100	1438
Gen 449:	21063	62	4547	7781	5103	1444
Gen 450:	21083	62	4506	7762	5143	1444
Gen 451:	21101	55	4509	7745	5152	1438
Gen 452:	21037	49	4528	7756	5156	1474
Gen 453:	21040	48	4490	7774	5176	1472
Gen 454:	21037	50	4501	7753	5182	1477
Gen 455:	21066	49	4494	7721	5176	1494
Gen 456:	21110	48	4471	7699	5199	1473
Gen 457:	21047	48	4477	7708	5231	1489
Gen 458:	21041	47	4444	7718	5248	1502
Gen 459:	21064	44	4449	7698	5231	1514
Gen 460:	21075	47	4446	7685	5217	1530
Gen 461:	21086	49	4431	7676	5219	1539
Gen 462:	21057	50	4434	7693	5244	1522
Gen 463:	21083	48	4432	7692	5235	1510
Gen 464:	21057	48	4424	7695	5258	1518
Gen 465:	21069	48	4426	7708	5240	1509
Gen 466:	21102	51	4372	7693	5264	1518
Gen 467:	21086	48	4400	7666	5281	1519
Gen 468:	21065	46	4405	7669	5299	1516
Gen 469:	21039	47	4399	7682	5304	1529
Gen 470:	21009	44	4429	7676	5316	1526
Gen 471:	20992	45	4434	7678	5313	1538
Gen 472:	21021	39	4415	7656	5318	1551
Gen 473:	21035	38	4392	7666	5322	1547
Gen 474:	21047	37	4397	7675	5310	1534
Gen 475:	20989	38	4415	7692	5326	1540
Gen 476:	20933	39	4396	7729	5348	1555
Gen 477:	20952	39	4393	7698	5350	1568
Gen 478:	20976	41	4381	7717	5339	1546
Gen 479:	21001	45	4358	7696	5363	1537
Gen 480:	20895	46	4391	7727	5395	1546
Gen 481:	20875	41	4353	7752	5427	1552
Gen 482:	20874	40	4325	7718	5487	1556
Gen 483:	20934	37	4329	7679	5457	1564
Gen 484:	20934	35	4342	7676	5438	1575
Gen 485:	20942	34	4337	7669	5429	1589
Gen 486:	20957	29	4341	7677	5406	1590
Gen 487:	21003	30	4299	7663	5418	1587
Gen 488:	21010	30	4295	7686	5398	1581
Gen 489:	21006	29	4306	7691	5391	1577
Gen 490:	20914	30	4322	7715	5439	1580
Gen 491:	20970	29	4261	7708	5433	1599
Gen 492:	20892	26	4282	7750	5437	1613
Gen 493:	20952	26	4259	7766	5407	1590
Gen 494:	20970	27	4232	7756	5421	1594
Gen 495:	20955	26	4242	7764	5434	1579
Gen 496:	20917	28	4282	7762	5428	1583
Gen 497:	20937	27	4288	7735	5420	1593
Gen 498:	20952	30	4308	7680	5449	1581
Gen 499:	20988	30	4265	7685	5442	1590
Gen 500:	20924	29	4302	7701	5440	1604
Gen 501:	20989	29	4274	7704	5399	1605
Gen 502:	20950	30	4260	7723	5421	1616
Gen 503:	20948	33	4255	7770	5382	1612
Gen 504:	20879	33	4299	7796	5392	1601
Gen 505:	20864	31	4307	7781	5400	1617
Gen 506:	20894	26	4299	7779	5384	1618
Gen 507:	20919	25	4300	7751	5396	1609
Gen 508:	20924	26	4291	7756	5385	1618
Gen 509:	20943	27	4272	7751	5392	1615
Gen 510:	20986	26	4273	7688	5405	1622
Gen 511:	20992	24	4264	7659	5430	1631
Gen 512:	20991	21	4282	7624	5478	1604
Gen 513:	21040	21	4261	7623	5446	1609
Gen 514:	21037	21	4246	7639	5438	1619
Gen 515:	21001	20	4246	7679	5444	1610
Gen 516:	21000	19	4249	7653	5456	1623
Gen 517:	20991	18	4249	7660	5459	1623
Gen 518:	21069	17	4213	7655	5423	1623
Gen 519:	21081	18	4204	7627	5447	1623
Gen 520:	21065	18	4222	7618	5457	1620
Gen 521:	21044	18	4213	7626	5473	1626
Gen 522:	21072	16	4188	7610	5493	1621
Gen 523:	21091	17	4191	7633	5441	1627
Gen 524:	21005	16	4200	7669	5461	1649
Gen 525:	21048	17	4201	7640	5447	1647
Gen 526:	21112	16	4177	7603	5424	1668
Gen 527:	21106	16	4169	7609	5443	1657
Gen 528:	21042	16	4181	7653	5439	1669
Gen 529:	20979	13	4208	7663	5456	1681
Gen 530:	21019	13	4150	7685	5461	1672
Gen 531:	21008	15	4137	7691	5466	1683
Gen 532:	20991	13	4145	7694	5473	1684
Gen 533:	20969	15	4151	7689	5504	1672
Gen 534:	21021	14	4141	7657	5496	1671
Gen 535:	21022	11	4131	7672	5498	1666
Gen 536:	20973	10	4133	7707	5502	1675
Gen 537:	21014	11	4144	7720	5457	1654
Gen 538:	21020	10	4151	7695	5481	1643
Gen 539:	20995	15	4122	7720	5505	1643
Gen 540:	20991	17	4113	7706	5534	1639
Gen 541:	21027	19	4099	7711	5517	1627
Gen 542:	21013	19	4103	7716	5524	1625
Gen 543:	20963	17	4156	7698	5521	1645
Gen 544:	20938	18	4147	7705	5539	1653
Gen 545:	20943	18	4145	7718	5534	1642
Gen 546:	20828	16	4165	7782	5571	1638
Gen 547:	20889	14	4151	7730	5579	1637
Gen 548:	20886	15	4160	7713	5574	1652
Gen 549:	20773	16	4201	7753	5585	1672
Gen 550:	20941	17	4157	7637	5596	1652
Gen 551:	20974	16	4107	7623	5638	1642
Gen 552:	20975	15	4149	7616	5596	1649
Gen 553:	20988	11	4141	7578	5631	1651
Gen 554:	20929	10	4124	7611	5673	1653
Gen 555:	20941	9	4119	7605	5679	1647
Gen 556:	20920	9	4116	7614	5670	1671
Gen 557:	20926	10	4089	7644	5656	1675
Gen 558:	20914	12	4065	7654	5663	1692
Gen 559:	20939	11	4072	7648	5651	1679
Gen 560:	20926	10	4076	7677	5643	1668
Gen 561:	20936	10	4063	7673	5660	1658
Gen 562:	20921	11	4067	7672	5668	1661
Gen 563:	21024	12	4047	7640	5630	1647
Gen 564:	21090	12	4010	7586	5650	1652
Gen 565:	21194	12	3986	7541	5628	1639
Gen 566:	21242	12	3970	7551	5599	1626
Gen 567:	21229	9	3967	7512	5635	1648
Gen 568:	21243	10	3965	7498	5649	1635
Gen 569:	21226	10	3951	7527	5653	1633
Gen 570:	21220	9	3976	7505	5664	1626
Gen 571:	21245	9	3961	7484	5673	1628
Gen 572:	21221	10	3955	7503	5666	1645
Gen 573:	21229	11	3934	7468	5693	1665
Gen 574:	21157	10	3950	7484	5708	1691
Gen 575:	21096	11	3964	7537	5713	1679
Gen 576:	21082	11	3953	7555	5705	1694
Gen 577:	21113	11	3945	7555	5677	1699
Gen 578:	21120	12	3935	7543	5696	1694
Gen 579:	21105	14	3936	7563	5685	1697
Gen 580:	21088	11	3927	7571	5699	1704
Gen 581:	21116	10	3910	7542	5714	1708
Gen 582:	21040	8	3907	7556	5783	1706
Gen 583:	21031	10	3904	7557	5782	1716
Gen 584:	20993	10	3923	7564	5788	1722
Gen 585:	21010	10	3932	7575	5775	1698
Gen 586:	21053	12	3930	7552	5756	1697
Gen 587:	21073	12	3903	7559	5748	1705
Gen 588:	21087	13	3894	7558	5747	1701
Gen 589:	21053	12	3888	7564	5779	1704
Gen 590:	21073	11	3871	7584	5767	1694
Gen 591:	21087	12	3869	7574	5766	1692
Gen 592:	21089	15	3846	7561	5782	1707
Gen 593:	21146	16	3843	7525	5767	1703
Gen 594:	21186	15	3827	7466	5789	1717
Gen 595:	21143	15	3814	7501	5796	1731
Gen 596:	21120	16	3804	7502	5813	1745
Gen 597:	21152	16	3794	7485	5819	1734
Gen 598:	21175	16	3731	7496	5824	1758
Gen 599:	21169	17	3725	7497	5838	1754
Gen 600:	21128	17	3722	7543	5831	1759
Gen 601:	21124	16	3704	7547	5837	1772
Gen 602:	21073	15	3699	7574	5868	1771
Gen 603:	21043	15	3712	7577	5869	1784
Gen 604:	20989	16	3761	7564	5874	1796
Gen 605:	20980	15	3776	7568	5868	1793
Gen 606:	20991	16	3814	7530	5859	1790
Gen 607:	21024	18	3778	7517	5861	1802
Gen 608:	21023	15	3796	7482	5875	1809
Gen 609:	20994	14	3798	7497	5873	1824
Gen 610:	21012	13	3776	7497	5890	1812
Gen 611:	21017	16	3779	7489	5892	1807
Gen 612:	20977	16	3749	7550	5902	1806
Gen 613:	20909	17	3788	7551	5912	1823
Gen 614:	20897	17	3821	7513	5938	1814
Gen 615:	20899	18	3788	7517	5957	1821
Gen 616:	20959	16	3757	7517	5929	1822
Gen 617:	21000	17	3737	7512	5926	1808
Gen 618:	21020	16	3720	7480	5935	1829
Gen 619:	20966	18	3745	7486	5956	1829
Gen 620:	20959	17	3748	7502	5941	1833
Gen 621:	20980	17	3771	7477	5952	1803
Gen 622:	21128	18	3731	7413	5905	1805
Gen 623:	21147	21	3664	7431	5942	1795
Gen 624:	21124	22	3657	7458	5944	1795
Gen 625:	21088	19	3671	7445	5989	1788
Gen 626:	21016	16	3670	7478	6020	1800
Gen 627:	20971	15	3668	7523	6003	1820
Gen 628:	20991	15	3659	7533	6000	1802
Gen 629:	21075	15	3684	7493	5946	1787
Gen 630:	21009	13	3700	7490	5983	1805
Gen 631:	21056	15	3690	7457	5987	1795
Gen 632:	21062	15	3693	7449	5986	1795
Gen 633:	21027	15	3699	7458	6000	1801
Gen 634:	21025	15	3715	7477	5957	1811
Gen 635:	20981	16	3706	7485	5998	1814
Gen 636:	21032	17	3660	7519	5963	1809
Gen 637:	20955	18	3679	7544	6001	1803
Gen 638:	20977	19	3659	7546	5997	1802
Gen 639:	20972	18	3672	7538	5959	1841
Gen 640:	20986	17	3656	7566	5948	1827
Gen 641:	20945	15	3667	7593	5963	1817
Gen 642:	20921	15	3674	7612	5962	1816
Gen 643:	20970	15	3678	7594	5948	1795
Gen 644:	20976	12	3661	7594	5964	1793
Gen 645:	20952	13	3674	7576	5980	1805
Gen 646:	20925	14	3681	7602	5960	1818
Gen 647:	20916	13	3692	7610	5957	1812
Gen 648:	20919	12	3686	7622	5948	1813
Gen 649:	20911	11	3672	7641	5946	1819
Gen 650:	20916	11	3674	7622	5947	1830
Gen 651:	20931	11	3683	7605	5955	1815
Gen 652:	20929	10	3692	7584	5965	1820
Gen 653:	20889	9	3667	7608	5992	1835
Gen 654:	20989	9	3653	7564	5957	1828
Gen 655:	21047	10	3621	7561	5945	1816
Gen 656:	21086	12	3628	7556	5920	1798
Gen 657:	21095	12	3612	7547	5924	1810
Gen 658:	21051	12	3622	7535	5955	1825
Gen 659:	21093	12	3632	7496	5940	1827
Gen 660:	21071	15	3648	7452	5999	1815
Gen 661:	21147	14	3648	7436	5937	1818
Gen 662:	21204	15	3639	7405	5904	1833
Gen 663:	21187	14	3663	7373	5928	1835
Gen 664:	21128	14	3707	7404	5918	1829
Gen 665:	21146	15	3695	7398	5910	1836
Gen 666:	21121	15	3752	7388	5909	1815
Gen 667:	21136	14	3714	7401	5924	1811
Gen 668:	21142	14	3709	7384	5936	1815
Gen 669:	21157	14	3672	7400	5938	1819
Gen 670:	21119	14	3657	7421	5944	1845
Gen 671:	21073	13	3659	7444	5964	1847
Gen 672:	21014	14	3658	7476	5988	1850
Gen 673:	21076	14	3634	7434	5985	1857
Gen 674:	21082	15	3630	7424	5966	1883
Gen 675:	21097	15	3618	7374	6034	1862
Gen 676:	21050	15	3618	7387	6067	1863
Gen 677:	21062	13	3641	7398	6033	1853
Gen 678:	21042	12	3662	7365	6061	1858
Gen 679:	21069	11	3657	7331	6067	1865
Gen 680:	21101	10	3664	7317	6043	1865
Gen 681:	21158	10	3645	7284	6043	1860
Gen 682:	21170	8	3646	7259	6048	1869
Gen 683:	21132	8	3685	7267	6056	1852
Gen 684:	21141	7	3661	7293	6065	1833
Gen 685:	21161	8	3664	7300	6032	1835
Gen 686:	21141	8	3651	7319	6044	1837
Gen 687:	21155	8	3648	7299	6044	1846
Gen 688:	21115	7	3645	7335	6059	1839
Gen 689:	21112	7	3630	7352	6048	1851
Gen 690:	21110	7	3654	7306	6071	1852
Gen 691:	21104	9	3665	7302	6068	1852
Gen 692:	21091	9	3672	7263	6115	1850
Gen 693:	20991	11	3641	7301	6181	1875
Gen 694:	21062	13	3603	7292	6160	1870
Gen 695:	21035	12	3581	7301	6180	1891
Gen 696:	20938	14	3600	7348	6220	1880
Gen 697:	20941	14	3613	7310	6245	1877
Gen 698:	20911	15	3615	7331	6243	1885
Gen 699:	20924	14	3591	7334	6240	1897
Gen 700:	20888	11	3600	7331	6273	1897
Gen 701:	20926	13	3646	7269	6242	1904
Gen 702:	20951	12	3612	7241	6266	1918
Gen 703:	20930	11	3628	7239	6253	1939
Gen 704:	20931	10	3636	7242	6237	1944
Gen 705:	20922	11	3632	7209	6268	1958
Gen 706:	20987	10	3598	7190	6259	1956
Gen 707:	21055	9	3589	7163	6225	1959
Gen 708:	21006	8	3612	7167	6245	1962
Gen 709:	21090	9	3607	7110	6229	1955
Gen 710:	21124	8	3615	7072	6222	1959
Gen 711:	21191	9	3633	7038	6197	1932
Gen 712:	21131	9	3651	7060	6222	1927
Gen 713:	21172	9	3650	7086	6171	1912
Gen 714:	21171	9	3685	7071	6157	1907
Gen 715:	21136	7	3694	7094	6153	1916
Gen 716:	21160	7	3680	7080	6155	1918
Gen 717:	21119	7	3667	7095	6187	1925
Gen 718:	21119	6	3633	7104	6214	1924
Gen 719:	21090	6	3611	7092	6250	1951
Gen 720:	21140	5	3590	7079	6226	1960
Gen 721:	21063	5	3599	7095	6256	1982
Gen 722:	21069	5	3631	7085	6239	1971
Gen 723:	21028	5	3603	7132	6273	1959
Gen 724:	20978	5	3620	7110	6314	1973
Gen 725:	21002	5	3619	7100	6302	1972
Gen 726:	21017	5	3650	7059	6286	1983
Gen 727:	21000	7	3672	7070	6284	1967
Gen 728:	20943	6	3682	7084	6316	1969
Gen 729:	20965	6	3684	7041	6340	1964
Gen 730:	20989	6	3686	7023	6346	1950
Gen 731:	20953	5	3699	7041	6345	1957
Gen 732:	20876	6	3749	7073	6335	1961
Gen 733:	20934	6	3712	7076	6328	1944
Gen 734:	20939	6	3696	7068	6339	1952
Gen 735:	20936	4	3702	7072	6341	1945
Gen 736:	20960	5	3718	7098	6308	1911
Gen 737:	20905	5	3730	7141	6291	1928
Gen 738:	20968	6	3712	7084	6303	1927
Gen 739:	20996	7	3709	7096	6256	1936
Gen 740:	20991	6	3686	7121	6254	1942
Gen 741:	20971	7	3707	7101	6266	1948
Gen 742:	20991	8	3706	7110	6278	1907
Gen 743:	21046	9	3674	7123	6241	1907
Gen 744:	21040	7	3682	7108	6268	1895
Gen 745:	21082	7	3668	7102	6256	1885
Gen 746:	21069	5	3675	7144	6225	1882
Gen 747:	21095	5	3656	7154	6217	1873
Gen 748:	21123	6	3641	7199	6158	1873
Gen 749:	21152	7	3676	7158	6137	1870
Gen 750:	21130	6	3685	7189	6116	1874
Gen 751:	21106	5	3692	7222	6111	1864
Gen 752:	21083	6	3708	7232	6109	1862
Gen 753:	21055	6	3709	7253	6110	1867
Gen 754:	21090	5	3710	7232	6089	1874
Gen 755:	21083	5	3717	7208	6104	1883
Gen 756:	21106	4	3718	7198	6094	1880
Gen 757:	21159	4	3697	7180	6095	1865
Gen 758:	21186	4	3678	7173	6115	1844
Gen 759:	21153	4	3712	7141	6141	1849
Gen 760:	21102	5	3752	7150	6131	1860
Gen 761:	21106	5	3754	7164	6105	1866
Gen 762:	21095	5	3741	7156	6136	1867
Gen 763:	21114	6	3733	7171	6117	1859
Gen 764:	21166	5	3706	7132	6118	1873
Gen 765:	21150	5	3694	7102	6166	1883
Gen 766:	21181	5	3683	7119	6130	1882
Gen 767:	21183	7	3681	7131	6110	1888
Gen 768:	21146	7	3654	7165	6117	1911
Gen 769:	21160	8	3636	7179	6121	1896
Gen 770:	21110	9	3663	7209	6113	1896
Gen 771:	21070	9	3661	7241	6142	1877
Gen 772:	21070	8	3652	7246	6140	1884
Gen 773:	21045	8	3662	7231	6171	1883
Gen 774:	21050	7	3642	7250	6154	1897
Gen 775:	21060	6	3675	7212	6149	1898
Gen 776:	21005	7	3695	7200	6192	1901
Gen 777:	21004	6	3683	7183	6215	1909
Gen 778:	21002	6	3685	7168	6227	1912
Gen 779:	20964	7	3701	7175	6237	1916
Gen 780:	20934	8	3731	7184	6205	1938
Gen 781:	20939	9	3714	7171	6230	1937
Gen 782:	20975	10	3716	7151	6208	1940
Gen 783:	20971	10	3690	7185	6195	1949
Gen 784:	20955	11	3691	7166	6201	1976
Gen 785:	20961	10	3708	7180	6181	1960
Gen 786:	21020	10	3720	7121	6172	1957
Gen 787:	20899	11	3743	7180	6199	1968
Gen 788:	20923	11	3708	7149	6216	1993
Gen 789:	20917	12	3716	7144	6211	2000
Gen 790:	20965	13	3672	7139	6216	1995
Gen 791:	20931	13	3673	7140	6233	2010
Gen 792:	20880	12	3684	7154	6257	2013
Gen 793:	20868	13	3689	7166	6260	2004
Gen 794:	20872	13	3681	7161	6270	2003
Gen 795:	20882	13	3679	7149	6271	2006
Gen 796:	20910	12	3650	7151	6275	2002
Gen 797:	20952	11	3645	7168	6205	2019
Gen 798:	20902	11	3649	7167	6233	2038
Gen 799:	20907	10	3635	7186	6233	2029
Gen 800:	20940	10	3641	7159	6209	2041
Gen 801:	20871	10	3639	7216	6226	2038
Gen 802:	20849	11	3637	7260	6217	2026
Gen 803:	20915	11	3653	7187	6227	2007
Gen 804:	21000	11	3651	7161	6182	1995
Gen 805:	20999	13	3658	7185	6158	1987
Gen 806:	21004	12	3669	7185	6132	1998
Gen 807:	20959	13	3674	7214	6129	2011
Gen 808:	20925	13	3701	7213	6132	2016
Gen 809:	20976	13	3676	7204	6118	2013
Gen 810:	20983	11	3629	7220	6159	1998
Gen 811:	20972	10	3631	7234	6142	2011
Gen 812:	20991	9	3622	7249	6129	2000
Gen 813:	20994	9	3643	7241	6104	2009
Gen 814:	20978	8	3626	7242	6127	2019
Gen 815:	20994	8	3641	7242	6103	2012
Gen 816:	21014	8	3656	7193	6127	2002
Gen 817:	20993	8	3648	7206	6128	2017
Gen 818:	21021	9	3615	7214	6115	2026
Gen 819:	21049	8	3641	7211	6084	2007
Gen 820:	21050	8	3670	7186	6080	2006
Gen 821:	20999	10	3662	7215	6100	2014
Gen 822:	20950	12	3650	7241	6119	2028
Gen 823:	20950	11	3642	7248	6120	2029
Gen 824:	21020	13	3630	7209	6124	2004
Gen 825:	21034	15	3610	7204	6139	1998
Gen 826:	20976	13	3618	7233	6185	1975
Gen 827:	20977	14	3610	7249	6176	1974
Gen 828:	20965	13	3605	7274	6167	1976
Gen 829:	20995	12	3615	7298	6120	1960
Gen 830:	20895	12	3655	7311	6134	1993
Gen 831:	20874	12	3655	7302	6181	1976
Gen 832:	20865	13	3664	7306	6166	1986
Gen 833:	20861	13	3643	7329	6165	1989
Gen 834:	20935	13	3628	7286	6142	1996
Gen 835:	20922	14	3632	7254	6168	2010
Gen 836:	20937	15	3632	7244	6154	2018
Gen 837:	20967	13	3624	7241	6165	1990
Gen 838:	20962	13	3625	7219	6185	1996
Gen 839:	20958	14	3621	7238	6180	1989
Gen 840:	20929	14	3624	7249	6187	1997
Gen 841:	20941	14	3616	7207	6204	2018
Gen 842:	20959	14	3652	7164	6179	2032
Gen 843:	20889	13	3652	7227	6188	2031
Gen 844:	20901	11	3652	7227	6203	2006
Gen 845:	20921	12	3664	7216	6180	2007
Gen 846:	20887	11	3701	7200	6179	2022
Gen 847:	20877	12	3706	7189	6194	2022
Gen 848:	20889	11	3676	7198	6187	2039
Gen 849:	20949	11	3660	7143	6199	2038
Gen 850:	20966	10	3643	7142	6189	2050
Gen 851:	20945	9	3618	7179	6176	2073
Gen 852:	20916	8	3620	7182	6195	2079
Gen 853:	20925	8	3617	7173	6200	2077
Gen 854:	20932	8	3618	7164	6202	2076
Gen 855:	20944	9	3597	7170	6208	2072
Gen 856:	20950	9	3604	7132	6227	2078
Gen 857:	20985	8	3589	7137	6202	2079
Gen 858:	20962	7	3611	7124	6198	2098
Gen 859:	20965	7	3598	7156	6198	2076
Gen 860:	20943	7	3596	7163	6192	2099
Gen 861:	20932	7	3571	7177	6214	2099
Gen 862:	20909	7	3548	7206	6233	2097
Gen 863:	20841	6	3563	7223	6267	2100
Gen 864:	20904	4	3551	7203	6262	2076
Gen 865:	20907	5	3574	7161	6282	2071
Gen 866:	20904	4	3583	7183	6265	2061
Gen 867:	20928	4	3563	7195	6268	2042
Gen 868:	20918	7	3553	7187	6274	2061
Gen 869:	20920	7	3568	7192	6256	2057
Gen 870:	20874	8	3596	7220	6254	2048
Gen 871:	20983	6	3584	7185	6193	2049
Gen 872:	21010	5	3579	7176	6196	2034
Gen 873:	21033	5	3583	7169	6171	2039
Gen 874:	20993	6	3604	7185	6185	2027
Gen 875:	21070	6	3611	7160	6132	2021
Gen 876:	21093	7	3625	7153	6113	2009
Gen 877:	21154	5	3603	7146	6075	2017
Gen 878:	21172	5	3620	7139	6058	2006
Gen 879:	21130	4	3619	7145	6095	2007
Gen 880:	21148	4	3592	7146	6106	2004
Gen 881:	21144	4	3601	7136	6123	1992
Gen 882:	21143	4	3610	7138	6113	1992
Gen 883:	21153	4	3584	7159	6095	2005
Gen 884:	21092	4	3615	7165	6118	2006
Gen 885:	21115	4	3619	7163	6113	1986
Gen 886:	21085	5	3624	7183	6106	1997
Gen 887:	21044	5	3660	7192	6112	1987
Gen 888:	21073	5	3609	7221	6110	1982
Gen 889:	21115	5	3606	7205	6087	1982
Gen 890:	21124	7	3625	7209	6055	1980
Gen 891:	21089	7	3620	7236	6069	1979
Gen 892:	21067	7	3612	7239	6076	1999
Gen 893:	21068	7	3604	7272	6063	1986
Gen 894:	21094	8	3573	7285	6063	1977
Gen 895:	21085	9	3607	7264	6055	1980
Gen 896:	21036	9	3619	7261	6073	2002
Gen 897:	21063	9	3615	7255	6071	1987
Gen 898:	21025	7	3632	7253	6109	1974
Gen 899:	21122	7	3628	7187	6109	1947
Gen 900:	21125	7	3650	7154	6127	1937
Gen 901:	21122	7	3637	7171	6142	1921
Gen 902:	21105	7	3628	7194	6134	1932
Gen 903:	21080	7	3646	7157	6166	1944
Gen 904:	21035	7	3639	7172	6178	1969
Gen 905:	21031	6	3663	7154	6194	1952
Gen 906:	20965	6	3662	7206	6203	1958
Gen 907:	20975	6	3661	7190	6208	1960
Gen 908:	21044	7	3621	7185	6189	1954
Gen 909:	21018	7	3618	7159	6222	1976
Gen 910:	21101	6	3585	7109	6232	1967
Gen 911:	21119	5	3582	7117	6216	1961
Gen 912:	21109	5	3601	7057	6253	1975
Gen 913:	21114	6	3588	7060	6252	1980
Gen 914:	21166	6	3575	7057	6203	1993
Gen 915:	21146	7	3587	7069	6190	2001
Gen 916:	21083	6	3582	7139	6192	1998
Gen 917:	21046	6	3616	7131	6204	1997
Gen 918:	20965	7	3625	7166	6231	2006
Gen 919:	20934	6	3633	7151	6253	2023
Gen 920:	20907	6	3673	7131	6260	2023
Gen 921:	20846	6	3673	7150	6294	2031
Gen 922:	20873	6	3694	7120	6271	2036
Gen 923:	20894	6	3686	7140	6238	2036
Gen 924:	20956	6	3665	7145	6195	2033
Gen 925:	20918	5	3682	7137	6218	2040
Gen 926:	20920	5	3695	7122	6223	2035
Gen 927:	20962	5	3696	7099	6226	2012
Gen 928:	20973	5	3719	7087	6217	1999
Gen 929:	20994	5	3708	7062	6232	1999
Gen 930:	20911	7	3753	7087	6255	1987
Gen 931:	20955	6	3756	7089	6221	1973
Gen 932:	21015	6	3755	7086	6177	1961
Gen 933:	21020	5	3764	7059	6184	1968
Gen 934:	21028	6	3763	7076	6176	1951
Gen 935:	21009	7	3764	7059	6217	1944
Gen 936:	20990	8	3780	7031	6236	1955
Gen 937:	20945	7	3771	7040	6271	1966
Gen 938:	20971	6	3772	7022	6258	1971
Gen 939:	20998	4	3767	7041	6238	1952
Gen 940:	21046	5	3742	7027	6229	1951
Gen 941:	21023	7	3746	7049	6226	1949
Gen 942:	20995	7	3740	7069	6244	1945
Gen 943:	21024	7	3719	7041	6266	1943
Gen 944:	21046	7	3715	7023	6256	1953
Gen 945:	21058	6	3692	7016	6268	1960
Gen 946:	21041	7	3719	7014	6252	1967
Gen 947:	21036	5	3686	7039	6279	1955
Gen 948:	21079	5	3663	7019	6275	1959
Gen 949:	20997	5	3676	7041	6297	1984
Gen 950:	20997	6	3675	7060	6281	1981
Gen 951:	21032	5	3680	7013	6270	2000
Gen 952:	21072	4	3688	6989	6253	1994
Gen 953:	21030	7	3715	6987	6259	2002
Gen 954:	21049	7	3708	6989	6251	1996
Gen 955:	21038	8	3708	6999	6251	1996
Gen 956:	21045	8	3669	7004	6266	2008
Gen 957:	21084	7	3655	6979	6261	2014
Gen 958:	21094	7	3662	6964	6268	2005
Gen 959:	21033	8	3638	6999	6311	2011
Gen 960:	21055	8	3659	6984	6301	1993
Gen 961:	21026	9	3653	7003	6291	2018
Gen 962:	20959	9	3628	7058	6309	2037
Gen 963:	20957	8	3590	7091	6303	2051
Gen 964:	20975	7	3579	7127	6269	2043
Gen 965:	20993	6	3606	7134	6237	2024
Gen 966:	20995	8	3616	7142	6239	2000
Gen 967:	20995	8	3612	7140	6251	1994
Gen 968:	21035	9	3594	7124	6235	2003
Gen 969:	20980	7	3612	7152	6245	2004
Gen 970:	21036	7	3611	7127	6190	2029
Gen 971:	21071	7	3621	7090	6186	2025
Gen 972:	21039	7	3637	7113	6167	2037
Gen 973:	21013	7	3664	7106	6168	2042
Gen 974:	21009	8	3679	7114	6139	2051
Gen 975:	21127	9	3662	7074	6104	2024
Gen 976:	21043	10	3676	7147	6101	2023
Gen 977:	21046	11	3651	7170	6106	2016
Gen 978:	21048	11	3684	7140	6104	2013
Gen 979:	21092	10	3705	7120	6068	2005
Gen 980:	21056	10	3711	7138	6077	2008
Gen 981:	21064	10	3689	7167	6073	1997
Gen 982:	21031	10	3712	7172	6088	1987
Gen 983:	21102	10	3677	7174	6069	1968
Gen 984:	20987	10	3708	7205	6103	1987
Gen 985:	20999	10	3714	7186	6104	1987
Gen 986:	20989	10	3727	7188	6092	1994
Gen 987:	21000	10	3709	7208	6094	1979
Gen 988:	21087	10	3684	7170	6092	1957
Gen 989:	21159	10	3691	7143	6059	1938
Gen 990:	21134	8	3691	7148	6077	1942
Gen 991:	21160	9	3680	7149	6061	1941
Gen 992:	21192	8	3661	7137	6049	1953
Gen 993:	21161	8	3669	7147	6045	1970
Gen 994:	21124	7	3702	7141	6054	1972
Gen 995:	21090	6	3713	7176	6046	1969
Gen 996:	21030	6	3707	7178	6098	1981
Gen 997:	21067	6	3700	7179	6077	1971
Gen 998:	21078	8	3709	7175	6073	1957
Gen 999:	21014	8	3708	7225	6073	1972
Gen 1000:	21029	8	3675	7261	6073	1954
Gen 1001:	20996	8	3664	7272	6088	1972
Gen 1002:	21015	8	3675	7229	6091	1982
Gen 1003:	21011	9	3681	7267	6046	1986
Gen 1004:	20982	9	3695	7262	6050	2002
Gen 1005:	20949	9	3696	7288	6084	1974
Gen 1006:	20950	8	3690	7305	6072	1975
Gen 1007:	20907	6	3714	7295	6073	2005
Gen 1008:	20911	5	3717	7266	6085	2016
Gen 1009:	20938	6	3685	7296	6071	2004
Gen 1010:	21027	6	3665	7251	6033	2018
Gen 1011:	21011	7	3663	7249	6054	2016
Gen 1012:	21013	6	3647	7276	6055	2003
Gen 1013:	20943	5	3665	7309	6082	1996
Gen 1014:	20937	5	3686	7318	6072	1982
Gen 1015:	20920	4	3699	7332	6077	1968
Gen 1016:	20920	4	3689	7336	6096	1955
Gen 1017:	20945	4	3687	7328	6086	1950
Gen 1018:	20924	4	3673	7359	6078	1962
Gen 1019:	20889	4	3664	7371	6095	1977
Gen 1020:	20958	4	3674	7302	6101	1961
Gen 1021:	20927	4	3668	7309	6130	1962
Gen 1022:	20937	4	3662	7313	6135	1949
Gen 1023:	20921	5	3646	7321	6165	1942
Gen 1024:	20923	7	3663	7303	6171	1933
Gen 1025:	20957	8	3640	7267	6186	1942
Gen 1026:	21014	8	3643	7237	6156	1942
Gen 1027:	20987	10	3668	7236	6138	1961
Gen 1028:	20933	11	3699	7266	6136	1955
Gen 1029:	20892	11	3722	7285	6125	1965
Gen 1030:	20917	11	3725	7272	6127	1948
Gen 1031:	20917	9	3711	7279	6125	1959
Gen 1032:	20909	8	3717	7255	6142	1969
Gen 1033:	20923	8	3740	7222	6136	1971
Gen 1034:	20903	8	3759	7213	6148	1969
Gen 1035:	20920	7	3728	7210	6158	1977
Gen 1036:	20936	7	3721	7229	6114	1993
Gen 1037:	20933	7	3737	7230	6082	2011
Gen 1038:	20967	7	3731	7231	6062	2002
Gen 1039:	21006	7	3714	7232	6038	2003
Gen 1040:	20965	8	3707	7272	6041	2007
Gen 1041:	21011	9	3699	7260	6026	1995
Gen 1042:	20948	10	3709	7325	6009	1999
Gen 1043:	20928	12	3728	7339	5985	2008
Gen 1044:	20998	11	3696	7317	5967	2011
Gen 1045:	21020	12	3680	7302	5979	2007
Gen 1046:	20962	11	3690	7340	5992	2005
Gen 1047:	20992	11	3649	7342	5996	2010
Gen 1048:	21013	11	3633	7331	6015	1997
Gen 1049:	21040	11	3624	7327	6003	1995
Gen 1050:	21036	11	3611	7366	5986	1990
Gen 1051:	21072	12	3603	7382	5953	1978
Gen 1052:	21045	11	3614	7368	5982	1980
Gen 1053:	21057	13	3605	7360	5970	1995
Gen 1054:	21024	10	3642	7356	5973	1995
Gen 1055:	21043	9	3631	7347	5959	2011
Gen 1056:	21046	8	3595	7333	6018	2000
Gen 1057:	21026	7	3605	7354	6010	1998
Gen 1058:	20969	7	3625	7362	6047	1990
Gen 1059:	20984	7	3618	7380	6040	1971
Gen 1060:	20953	9	3612	7402	6046	1978
Gen 1061:	20995	9	3581	7385	6052	1978
Gen 1062:	20988	7	3581	7400	6038	1986
Gen 1063:	21042	7	3560	7376	6030	1985
Gen 1064:	21073	7	3540	7343	6042	1995
Gen 1065:	21177	6	3496	7320	6008	1993
Gen 1066:	21168	6	3505	7317	6006	1998
Gen 1067:	21126	7	3516	7312	6047	1992
Gen 1068:	21092	5	3554	7336	6028	1985
Gen 1069:	21063	4	3568	7373	6021	1971
Gen 1070:	21064	4	3567	7385	6026	1954
Gen 1071:	21080	4	3572	7372	6010	1962
Gen 1072:	21118	4	3561	7372	5987	1958
Gen 1073:	21159	4	3559	7356	5975	1947
Gen 1074:	21135	4	3572	7343	6008	1938
Gen 1075:	21141	4	3576	7344	6022	1913
Gen 1076:	21113	4	3574	7365	6032	1912
Gen 1077:	21055	4	3629	7398	6013	1901
Gen 1078:	21065	4	3629	7383	6015	1904
Gen 1079:	21079	4	3626	7400	5996	1895
Gen 1080:	21066	2	3625	7395	6013	1899
Gen 1081:	21135	2	3586	7373	6001	1903
Gen 1082:	21133	2	3580	7352	6023	1910
Gen 1083:	21116	2	3606	7313	6046	1917
Gen 1084:	21122	2	3602	7325	6059	1890
Gen 1085:	21085	2	3631	7318	6055	1909
Gen 1086:	21045	2	3632	7339	6073	1909
Gen 1087:	21056	2	3626	7319	6072	1925
Gen 1088:	21000	2	3628	7317	6132	1921
Gen 1089:	20908	2	3622	7372	6162	1934
Gen 1090:	20942	3	3634	7326	6156	1939
Gen 1091:	20938	3	3625	7333	6174	1927
Gen 1092:	20923	3	3622	7315	6196	1941
Gen 1093:	20927	3	3604	7288	6226	1952
Gen 1094:	20934	2	3617	7252	6237	1958
Gen 1095:	20978	2	3603	7244	6210	1963
Gen 1096:	20998	2	3635	7224	6202	1939
Gen 1097:	21002	2	3658	7214	6183	1941
Gen 1098:	21016	2	3655	7215	6172	1940
Gen 1099:	20963	1	3666	7231	6181	1958
Gen 1100:	20921	1	3654	7259	6204	1961
Gen 1101:	20907	1	3646	7265	6230	1951
Gen 1102:	20948	1	3626	7242	6231	1952
Gen 1103:	20950	1	3622	7225	6249	1953
Gen 1104:	20937	1	3645	7200	6251	1966
Gen 1105:	20862	2	3646	7228	6286	1976
Gen 1106:	20765	2	3667	7254	6336	1976
Gen 1107:	20769	2	3679	7248	6313	1989
Gen 1108:	20801	1	3671	7228	6290	2009
Gen 1109:	20818	1	3704	7207	6259	2011
Gen 1110:	20790	1	3688	7263	6241	2017
Gen 1111:	20843	1	3683	7239	6234	2000
Gen 1112:	20827	1	3657	7261	6238	2016
Gen 1113:	20829	1	3643	7245	6250	2032
Gen 1114:	20960	1	3625	7186	6218	2010
Gen 1115:	20961	1	3651	7187	6225	1975
Gen 1116:	20930	2	3653	7212	6225	1978
Gen 1117:	20932	1	3645	7186	6248	1988
Gen 1118:	20967	1	3623	7206	6244	1959
Gen 1119:	20955	1	3622	7211	6240	1971
Gen 1120:	20974	1	3611	7205	6251	1958
Gen 1121:	21017	0	3596	7195	6238	1954
Gen 1122:	21065	0	3583	7203	6202	1947
Gen 1123:	21062	0	3577	7226	6191	1944
Gen 1124:	21048	0	3568	7252	6198	1934
Gen 1125:	21026	0	3538	7279	6195	1962
Gen 1126:	21002	0	3539	7272	6211	1976
Gen 1127:	20988	0	3544	7248	6250	1970
Gen 1128:	20968	0	3555	7257	6228	1992
Gen 1129:	20914	0	3577	7281	6241	1987
Gen 1130:	20932	0	3587	7293	6204	1984
Gen 1131:	20965	0	3589	7263	6208	1975
Gen 1132:	20958	0	3556	7292	6222	1972
Gen 1133:	20968	0	3549	7295	6208	1980
Gen 1134:	20926	0	3571	7306	6233	1964
Gen 1135:	20900	0	3560	7336	6240	1964
Gen 1136:	20909	0	3599	7360	6184	1948
Gen 1137:	20876	0	3617	7380	6191	1936
Gen 1138:	20907	0	3587	7341	6198	1967
Gen 1139:	20902	0	3604	7355	6179	1960
Gen 1140:	20846	0	3634	7359	6197	1964
Gen 1141:	20791	0	3637	7400	6208	1964
Gen 1142:	20814	0	3631	7386	6210	1959
Gen 1143:	20872	0	3615	7329	6224	1960
Gen 1144:	20794	0	3623	7355	6259	1969
Gen 1145:	20850	0	3580	7361	6240	1969
Gen 1146:	20840	0	3590	7362	6225	1983
Gen 1147:	20928	0	3604	7327	6175	1966
Gen 1148:	20917	0	3597	7335	6192	1959
Gen 1149:	20881	0	3611	7341	6199	1968
Gen 1150:	20890	0	3634	7297	6213	1966
Gen 1151:	20909	0	3630	7301	6208	1952
Gen 1152:	20954	0	3592	7287	6213	1954
Gen 1153:	20956	0	3571	7290	6225	1958
Gen 1154:	20977	0	3549	7327	6205	1942
Gen 1155:	20970	0	3559	7313	6230	1928
Gen 1156:	20923	0	3565	7341	6231	1940
Gen 1157:	20913	0	3554	7355	6230	1948
Gen 1158:	20898	0	3537	7384	6234	1947
Gen 1159:	20898	0	3534	7358	6263	1947
Gen 1160:	20952	0	3531	7340	6240	1937
Gen 1161:	20925	0	3540	7374	6234	1927
Gen 1162:	20908	0	3533	7357	6265	1937
Gen 1163:	20929	0	3557	7352	6250	1912
Gen 1164:	20964	0	3560	7335	6229	1912
Gen 1165:	21035	0	3545	7316	6173	1931
Gen 1166:	21047	0	3546	7320	6155	1932
Gen 1167:	20999	0	3550	7301	6186	1964
Gen 1168:	21018	0	3551	7340	6129	1962
Gen 1169:	21044	0	3544	7325	6114	1973
Gen 1170:	21036	0	3542	7344	6109	1969
Gen 1171:	21020	0	3544	7342	6107	1987
Gen 1172:	20973	0	3583	7324	6124	1996
Gen 1173:	20941	0	3619	7344	6106	1990
Gen 1174:	20885	0	3601	7388	6113	2013
Gen 1175:	20929	0	3579	7370	6120	2002
Gen 1176:	20970	0	3562	7378	6073	2017
Gen 1177:	20962	0	3557	7395	6075	2011
Gen 1178:	20992	0	3524	7417	6087	1980
Gen 1179:	21027	0	3500	7394	6088	1991
Gen 1180:	21056	0	3493	7366	6078	2007
Gen 1181:	21058	0	3489	7375	6073	2005
Gen 1182:	21062	0	3519	7362	6054	2003
Gen 1183:	21076	0	3503	7356	6083	1982
Gen 1184:	21160	0	3511	7335	6036	1958
Gen 1185:	21110	0	3533	7357	6033	1967
Gen 1186:	21178	0	3499	7372	5989	1962
Gen 1187:	21184	0	3482	7364	6005	1965
Gen 1188:	21163	0	3460	7391	6016	1970
Gen 1189:	21149	0	3454	7398	6025	1974
Gen 1190:	21107	0	3459	7415	6038	1981
Gen 1191:	21138	0	3449	7422	6026	1965
Gen 1192:	21099	0	3452	7413	6070	1966
Gen 1193:	21070	0	3457	7383	6127	1963
Gen 1194:	21115	0	3451	7375	6112	1947
Gen 1195:	21123	0	3454	7361	6123	1939
Gen 1196:	21100	0	3468	7385	6111	1936
Gen 1197:	21073	0	3473	7409	6113	1932
Gen 1198:	21111	0	3471	7402	6092	1924
Gen 1199:	21096	0	3452	7389	6140	1923
Gen 1200:	21076	0	3471	7428	6120	1905
Gen 1201:	21027	0	3457	7475	6138	1903
Gen 1202:	21030	0	3469	7473	6126	1902
Gen 1203:	21026	0	3450	7479	6153	1892
Gen 1204:	21077	0	3430	7478	6138	1877
Gen 1205:	20980	0	3459	7496	6194	1871
Gen 1206:	20974	0	3478	7483	6190	1875
Gen 1207:	20989	0	3486	7441	6193	1891
Gen 1208:	21023	0	3485	7421	6175	1896
Gen 1209:	20981	0	3518	7446	6146	1909
Gen 1210:	21018	0	3517	7428	6131	1906
Gen 1211:	20963	0	3504	7452	6168	1913
Gen 1212:	20973	0	3500	7436	6166	1925
Gen 1213:	20975	0	3486	7467	6158	1914
Gen 1214:	20949	0	3488	7492	6167	1904
Gen 1215:	20993	0	3487	7463	6141	1916
Gen 1216:	21037	0	3475	7431	6152	1905
Gen 1217:	21027	0	3461	7448	6170	1894
Gen 1218:	21014	0	3439	7424	6201	1922
Gen 1219:	20964	0	3460	7447	6186	1943
Gen 1220:	20957	0	3435	7436	6240	1932
Gen 1221:	21032	0	3401	7377	6254	1936
Gen 1222:	20974	0	3404	7421	6270	1931
Gen 1223:	20970	0	3410	7419	6267	1934
Gen 1224:	20983	0	3426	7387	6271	1933
Gen 1225:	20934	0	3435	7384	6299	1948
Gen 1226:	20968	0	3411	7404	6278	1939
Gen 1227:	20958	0	3432	7404	6273	1933
Gen 1228:	21018	0	3411	7385	6270	1916
Gen 1229:	20963	0	3420	7429	6268	1920
Gen 1230:	20972	0	3424	7456	6234	1914
Gen 1231:	20986	0	3419	7446	6225	1924
Gen 1232:	21021	0	3409	7450	6196	1924
Gen 1233:	20998	0	3429	7447	6194	1932
Gen 1234:	20994	0	3405	7426	6221	1954
Gen 1235:	20928	0	3424	7443	6242	1963
Gen 1236:	20945	0	3412	7430	6240	1973
Gen 1237:	20950	0	3418	7429	6231	1972
Gen 1238:	21018	0	3433	7435	6143	1971
Gen 1239:	20965	0	3454	7457	6150	1974
Gen 1240:	20984	0	3453	7453	6148	1962
Gen 1241:	20954	0	3497	7450	6156	1943
Gen 1242:	20923	0	3513	7434	6180	1950
Gen 1243:	20970	0	3468	7447	6165	1950
Gen 1244:	21004	0	3464	7445	6150	1937
Gen 1245:	21063	0	3469	7405	6127	1936
Gen 1246:	21116	0	3456	7395	6089	1944
Gen 1247:	21136	0	3475	7375	6072	1942
Gen 1248:	21158	0	3469	7380	6061	1932
Gen 1249:	21166	0	3468	7350	6074	1942
Gen 1250:	21176	0	3471	7335	6094	1924
Gen 1251:	21148	0	3471	7317	6143	1921
Gen 1252:	21142	0	3486	7306	6139	1927
Gen 1253:	21108	0	3507	7318	6130	1937
Gen 1254:	21068	0	3505	7370	6125	1932
