Gen   0:	7969	7847	7939	8177	8068
Gen   1:	10138	7317	7537	7587	7421
Gen   2:	11837	6937	7272	7092	6862
Gen   3:	13231	6634	7074	6658	6403
Gen   4:	14291	6355	6997	6332	6025
Gen   5:	15248	6122	6883	6050	5697
Gen   6:	16030	5958	6833	5801	5378
Gen   7:	16620	5835	6804	5614	5127
Gen   8:	17113	5716	6829	5418	4924
Gen   9:	17485	5622	6872	5291	4730
Gen  10:	17881	5519	6900	5148	4552
Gen  11:	18329	5422	6891	4990	4368
Gen  12:	18673	5337	6880	4918	4192
Gen  13:	18916	5232	6948	4836	4068
Gen  14:	19115	5142	7009	4785	3949
Gen  15:	19297	5100	7103	4678	3822
Gen  16:	19481	5062	7160	4622	3675
Gen  17:	19675	4980	7228	4558	3559
Gen  18:	19853	4932	7257	4507	3451
Gen  19:	19982	4868	7313	4475	3362
Gen  20:	20061	4808	7417	4441	3273
Gen  21:	20111	4774	7453	4444	3218
Gen  22:	20246	4720	7486	4380	3168
Gen  23:	20349	4682	7519	4348	3102
Gen  24:	20468	4599	7615	4278	3040
Gen  25:	20639	4552	7628	4215	2966
Gen  26:	20765	4512	7637	4166	2920
Gen  27:	20863	4464	7694	4141	2838
Gen  28:	20875	4414	7755	4144	2812
Gen  29:	20890	4395	7803	4133	2779
Gen  30:	20934	4376	7820	4126	2744
Gen  31:	21039	4307	7842	4130	2682
Gen  32:	21060	4281	7893	4099	2667
Gen  33:	21091	4234	7960	4071	2644
Gen  34:	21140	4196	8002	4045	2617
Gen  35:	21102	4183	8074	4048	2593
Gen  36:	21076	4170	8113	4059	2582
Gen  37:	21043	4097	8262	4046	2552
Gen  38:	21033	4091	8290	4067	2519
Gen  39:	21019	4058	8368	4074	2481
Gen  40:	21026	4045	8358	4090	2481
Gen  41:	21091	4004	8402	4077	2426
Gen  42:	21061	3962	8447	4075	2455
Gen  43:	21083	3936	8478	4075	2428
Gen  44:	21065	3922	8491	4072	2450
Gen  45:	21076	3804	8591	4077	2452
Gen  46:	21077	3783	8617	4078	2445
Gen  47:	21153	3735	8636	4053	2423
Gen  48:	21148	3667	8701	4071	2413
Gen  49:	21176	3627	8680	4103	2414
Gen  50:	21198	3620	8649	4117	2416
Gen  51:	21270	3577	8643	4116	2394
Gen  52:	21319	3555	8626	4122	2378
Gen  53:	21296	3521	8661	4146	2376
Gen  54:	21316	3481	8677	4168	2358
Gen  55:	21346	3435	8707	4152	2360
Gen  56:	21280	3422	8758	4158	2382
Gen  57:	21281	3399	8765	4183	2372
Gen  58:	21310	3357	8773	4187	2373
Gen  59:	21294	3338	8814	4206	2348
Gen  60:	21340	3264	8817	4237	2342
Gen  61:	21310	3252	8848	4268	2322
Gen  62:	21281	3210	8873	4289	2347
Gen  63:	21279	3195	8889	4280	2357
Gen  64:	21281	3176	8914	4276	2353
Gen  65:	21245	3176	8942	4281	2356
Gen  66:	21265	3140	8964	4300	2331
Gen  67:	21216	3157	8965	4323	2339
Gen  68:	21231	3118	8963	4321	2367
Gen  69:	21242	3104	8965	4304	2385
Gen  70:	21280	3068	8962	4313	2377
Gen  71:	21325	3048	8920	4310	2397
Gen  72:	21330	3042	8902	4303	2423
Gen  73:	21298	3033	8904	4334	2431
Gen  74:	21316	3013	8886	4333	2452
Gen  75:	21311	2968	8879	4364	2478
Gen  76:	21336	2904	8857	4433	2470
Gen  77:	21364	2879	8852	4430	2475
Gen  78:	21315	2896	8870	4442	2477
Gen  79:	21330	2906	8819	4461	2484
Gen  80:	21347	2863	8805	4488	2497
Gen  81:	21309	2871	8793	4507	2520
Gen  82:	21306	2871	8820	4493	2510
Gen  83:	21335	2836	8864	4484	2481
Gen  84:	21297	2836	8870	4515	2482
Gen  85:	21334	2777	8857	4551	2481
Gen  86:	21322	2776	8850	4600	2452
Gen  87:	21343	2715	8870	4636	2436
Gen  88:	21339	2721	8827	4652	2461
Gen  89:	21376	2699	8776	4675	2474
Gen  90:	21386	2695	8744	4698	2477
Gen  91:	21381	2642	8776	4710	2491
Gen  92:	21393	2615	8768	4708	2516
Gen  93:	21401	2604	8746	4703	2546
Gen  94:	21371	2609	8693	4754	2573
Gen  95:	21363	2596	8696	4789	2556
Gen  96:	21303	2578	8731	4840	2548
Gen  97:	21298	2583	8705	4861	2553
Gen  98:	21331	2553	8676	4859	2581
Gen  99:	21381	2553	8596	4880	2590
Gen 100:	21348	2534	8603	4913	2602
Gen 101:	21265	2529	8621	4954	2631
Gen 102:	21288	2523	8581	4967	2641
Gen 103:	21366	2502	8570	4932	2630
Gen 104:	21423	2517	8541	4890	2629
Gen 105:	21407	2470	8534	4910	2679
Gen 106:	21384	2456	8515	4935	2710
Gen 107:	21438	2430	8512	4934	2686
Gen 108:	21403	2437	8512	4933	2715
Gen 109:	21361	2413	8541	4969	2716
Gen 110:	21367	2401	8535	4981	2716
Gen 111:	21247	2367	8640	5028	2718
Gen 112:	21251	2336	8646	5043	2724
Gen 113:	21261	2316	8642	5063	2718
Gen 114:	21235	2306	8593	5137	2729
Gen 115:	21208	2293	8592	5162	2745
Gen 116:	21245	2243	8581	5172	2759
Gen 117:	21207	2261	8597	5147	2788
Gen 118:	21249	2252	8545	5168	2786
Gen 119:	21222	2243	8565	5174	2796
Gen 120:	21173	2242	8564	5190	2831
Gen 121:	21095	2224	8611	5242	2828
Gen 122:	21150	2204	8586	5209	2851
Gen 123:	21144	2207	8610	5208	2831
Gen 124:	21144	2207	8585	5207	2857
Gen 125:	21129	2172	8596	5224	2879
Gen 126:	21146	2157	8577	5251	2869
Gen 127:	21163	2154	8542	5261	2880
Gen 128:	21135	2146	8561	5282	2876
Gen 129:	21102	2111	8574	5318	2895
Gen 130:	21101	2125	8536	5339	2899
Gen 131:	21145	2106	8502	5372	2875
Gen 132:	21178	2087	8469	5387	2879
Gen 133:	21152	2089	8448	5396	2915
Gen 134:	21116	2107	8430	5413	2934
Gen 135:	21110	2109	8457	5388	2936
Gen 136:	21151	2087	8415	5392	2955
Gen 137:	21037	2108	8463	5418	2974
Gen 138:	21080	2092	8415	5425	2988
Gen 139:	21035	2112	8398	5452	3003
Gen 140:	21083	2080	8401	5442	2994
Gen 141:	21080	2077	8393	5442	3008
Gen 142:	21120	2046	8334	5465	3035
Gen 143:	21062	2010	8350	5518	3060
Gen 144:	21082	2022	8314	5529	3053
Gen 145:	21117	1982	8305	5542	3054
Gen 146:	21127	2005	8281	5522	3065
Gen 147:	21151	1972	8257	5560	3060
Gen 148:	21217	1948	8244	5540	3051
Gen 149:	21151	1960	8241	5563	3085
Gen 150:	21227	1955	8209	5556	3053
Gen 151:	21232	1940	8189	5575	3064
Gen 152:	21210	1924	8202	5609	3055
Gen 153:	21216	1922	8182	5602	3078
Gen 154:	21151	1932	8179	5660	3078
Gen 155:	21157	1931	8199	5639	3074
Gen 156:	21154	1927	8190	5667	3062
Gen 157:	21140	1927	8195	5673	3065
Gen 158:	21070	1905	8235	5714	3076
Gen 159:	21043	1895	8245	5725	3092
Gen 160:	21008	1905	8231	5751	3105
Gen 161:	21035	1929	8211	5737	3088
Gen 162:	21039	1906	8209	5772	3074
Gen 163:	21083	1870	8141	5805	3101
Gen 164:	21070	1897	8149	5796	3088
Gen 165:	21060	1877	8146	5826	3091
Gen 166:	21105	1859	8095	5824	3117
Gen 167:	21069	1846	8147	5828	3110
Gen 168:	21009	1837	8153	5855	3146
Gen 169:	21036	1826	8081	5878	3179
Gen 170:	21000	1794	8115	5895	3196
Gen 171:	21001	1790	8116	5929	3164
Gen 172:	20971	1790	8102	5971	3166
Gen 173:	20999	1770	8092	5958	3181
Gen 174:	21062	1762	8039	5980	3157
Gen 175:	21092	1755	7979	6016	3158
Gen 176:	21036	1761	7981	6045	3177
Gen 177:	21020	1737	7961	6111	3171
Gen 178:	21063	1703	7939	6126	3169
Gen 179:	21096	1710	7917	6123	3154
Gen 180:	21062	1731	7875	6146	3186
Gen 181:	21072	1719	7821	6174	3214
Gen 182:	21020	1711	7859	6199	3211
Gen 183:	21002	1699	7827	6233	3239
Gen 184:	20922	1717	7880	6238	3243
Gen 185:	20990	1704	7832	6245	3229
Gen 186:	21001	1680	7846	6249	3224
Gen 187:	20968	1679	7827	6283	3243
Gen 188:	21003	1663	7801	6304	3229
Gen 189:	21043	1640	7751	6340	3226
Gen 190:	21000	1625	7755	6368	3252
Gen 191:	21076	1599	7732	6332	3261
Gen 192:	21125	1572	7673	6337	3293
Gen 193:	21099	1540	7685	6341	3335
Gen 194:	21028	1553	7670	6396	3353
Gen 195:	20987	1558	7686	6401	3368
Gen 196:	21025	1558	7620	6427	3370
Gen 197:	21025	1541	7614	6443	3377
Gen 198:	20983	1547	7632	6478	3360
Gen 199:	21016	1532	7606	6472	3374
Gen 200:	21005	1545	7610	6459	3381
Gen 201:	20971	1552	7600	6468	3409
Gen 202:	20901	1558	7628	6492	3421
Gen 203:	20888	1546	7637	6504	3425
Gen 204:	20909	1547	7609	6507	3428
Gen 205:	20916	1533	7612	6509	3430
Gen 206:	20852	1536	7628	6535	3449
Gen 207:	20902	1527	7588	6519	3464
Gen 208:	20950	1501	7591	6504	3454
Gen 209:	20940	1487	7598	6531	3444
Gen 210:	20945	1479	7572	6554	3450
Gen 211:	20959	1488	7517	6571	3465
Gen 212:	20891	1461	7535	6605	3508
Gen 213:	20894	1464	7469	6643	3530
Gen 214:	20887	1452	7469	6650	3542
Gen 215:	20906	1459	7459	6643	3533
Gen 216:	20907	1472	7410	6670	3541
Gen 217:	20920	1454	7357	6703	3566
Gen 218:	21006	1404	7340	6714	3536
Gen 219:	20951	1404	7339	6747	3559
Gen 220:	20992	1391	7355	6709	3553
Gen 221:	20979	1379	7345	6723	3574
Gen 222:	20938	1373	7347	6756	3586
Gen 223:	20937	1362	7324	6771	3606
Gen 224:	20933	1346	7331	6761	3629
Gen 225:	20922	1324	7341	6775	3638
Gen 226:	20923	1325	7343	6784	3625
Gen 227:	20905	1311	7336	6787	3661
Gen 228:	20926	1276	7320	6826	3652
Gen 229:	20900	1268	7316	6856	3660
Gen 230:	20852	1264	7332	6883	3669
Gen 231:	20861	1262	7347	6876	3654
Gen 232:	20940	1249	7340	6821	3650
Gen 233:	20968	1270	7325	6797	3640
Gen 234:	21002	1277	7282	6813	3626
Gen 235:	21078	1267	7272	6791	3592
Gen 236:	21056	1268	7241	6812	3623
Gen 237:	21064	1265	7215	6831	3625
Gen 238:	21060	1273	7172	6849	3646
Gen 239:	21044	1271	7171	6865	3649
Gen 240:	21087	1272	7145	6857	3639
Gen 241:	21121	1253	7115	6855	3656
Gen 242:	21067	1243	7119	6896	3675
Gen 243:	21097	1226	7070	6929	3678
Gen 244:	21103	1219	7058	6929	3691
Gen 245:	21087	1227	7051	6926	3709
Gen 246:	21093	1217	7022	6980	3688
Gen 247:	21086	1233	7024	6991	3666
Gen 248:	21106	1228	7028	6963	3675
Gen 249:	21154	1210	7020	6928	3688
Gen 250:	21157	1216	7017	6913	3697
Gen 251:	21113	1212	7053	6919	3703
Gen 252:	21081	1212	7058	6933	3716
Gen 253:	21080	1216	7041	6955	3708
Gen 254:	21077	1217	7025	6974	3707
Gen 255:	21071	1203	7020	6968	3738
Gen 256:	20992	1213	7057	6978	3760
Gen 257:	21003	1195	7041	6983	3778
Gen 258:	21051	1174	7031	6945	3799
Gen 259:	21044	1161	7033	6964	3798
Gen 260:	21084	1146	6981	6983	3806
Gen 261:	21120	1140	6957	6977	3806
Gen 262:	21058	1142	6917	7025	3858
Gen 263:	21071	1151	6903	7000	3875
Gen 264:	21071	1141	6931	6968	3889
Gen 265:	21103	1131	6890	7001	3875
Gen 266:	21051	1140	6860	7053	3896
Gen 267:	21075	1129	6845	7059	3892
Gen 268:	20983	1135	6861	7095	3926
Gen 269:	20981	1155	6823	7081	3960
Gen 270:	21021	1158	6804	7077	3940
Gen 271:	21096	1127	6803	7052	3922
Gen 272:	21077	1136	6784	7073	3930
Gen 273:	21091	1107	6762	7083	3957
Gen 274:	21135	1103	6736	7079	3947
Gen 275:	21188	1093	6735	7052	3932
Gen 276:	21155	1096	6739	7064	3946
Gen 277:	21121	1066	6724	7130	3959
Gen 278:	21093	1069	6758	7111	3969
Gen 279:	21135	1057	6761	7080	3967
Gen 280:	21087	1039	6765	7124	3985
Gen 281:	21109	1053	6761	7113	3964
Gen 282:	21112	1028	6765	7147	3948
Gen 283:	21086	1048	6748	7150	3968
Gen 284:	21093	1024	6753	7155	3975
Gen 285:	21078	1032	6748	7150	3992
Gen 286:	21136	1004	6684	7156	4020
Gen 287:	21165	1004	6670	7148	4013
Gen 288:	21120	996	6686	7199	3999
Gen 289:	21101	999	6689	7213	3998
Gen 290:	21042	993	6717	7257	3991
Gen 291:	20949	988	6726	7283	4054
Gen 292:	20941	980	6751	7271	4057
Gen 293:	20960	968	6761	7256	4055
Gen 294:	20988	965	6731	7250	4066
Gen 295:	21011	959	6724	7251	4055
Gen 296:	21027	938	6711	7256	4068
Gen 297:	21001	920	6723	7245	4111
Gen 298:	21007	906	6729	7232	4126
Gen 299:	20930	906	6733	7299	4132
Gen 300:	20921	904	6714	7315	4146
Gen 301:	20898	917	6738	7285	4162
Gen 302:	20942	921	6720	7282	4135
Gen 303:	20935	914	6715	7285	4151
Gen 304:	20964	911	6682	7299	4144
Gen 305:	20962	899	6685	7291	4163
Gen 306:	20960	904	6626	7344	4166
Gen 307:	20962	916	6588	7367	4167
Gen 308:	20987	909	6554	7400	4150
Gen 309:	20901	906	6543	7459	4191
Gen 310:	20922	902	6505	7484	4187
Gen 311:	20947	902	6481	7468	4202
Gen 312:	20967	895	6478	7439	4221
Gen 313:	20986	889	6457	7431	4237
Gen 314:	20994	872	6469	7429	4236
Gen 315:	20997	868	6451	7458	4226
Gen 316:	20941	887	6457	7482	4233
Gen 317:	20983	879	6430	7497	4211
Gen 318:	20993	871	6404	7477	4255
Gen 319:	21001	858	6394	7460	4287
Gen 320:	20984	847	6410	7471	4288
Gen 321:	20980	826	6400	7512	4282
Gen 322:	20991	817	6352	7545	4295
Gen 323:	21011	832	6341	7536	4280
Gen 324:	21013	829	6341	7545	4272
Gen 325:	20958	821	6367	7562	4292
Gen 326:	21010	814	6301	7574	4301
Gen 327:	21082	812	6266	7542	4298
Gen 328:	21069	825	6289	7514	4303
Gen 329:	21058	830	6294	7512	4306
Gen 330:	21035	849	6282	7505	4329
Gen 331:	21017	840	6302	7510	4331
Gen 332:	20936	844	6313	7557	4350
Gen 333:	20962	854	6297	7524	4363
Gen 334:	20940	876	6306	7531	4347
Gen 335:	20963	868	6296	7517	4356
Gen 336:	20980	861	6295	7507	4357
Gen 337:	20950	866	6276	7535	4373
Gen 338:	20946	845	6292	7554	4363
Gen 339:	20946	847	6287	7548	4372
Gen 340:	20943	834	6264	7569	4390
Gen 341:	20954	843	6237	7596	4370
Gen 342:	20951	856	6222	7618	4353
Gen 343:	20962	835	6233	7592	4378
Gen 344:	20978	841	6203	7589	4389
Gen 345:	20925	835	6194	7653	4393
Gen 346:	20921	825	6193	7661	4400
Gen 347:	20905	829	6211	7652	4403
Gen 348:	20953	839	6191	7634	4383
Gen 349:	20961	831	6144	7654	4410
Gen 350:	20989	819	6126	7651	4415
Gen 351:	20983	819	6136	7639	4423
Gen 352:	20966	821	6106	7687	4420
Gen 353:	20896	824	6099	7735	4446
Gen 354:	20909	834	6102	7737	4418
Gen 355:	20914	819	6121	7731	4415
Gen 356:	20860	805	6144	7736	4455
Gen 357:	20884	811	6118	7727	4460
Gen 358:	20923	806	6105	7735	4431
Gen 359:	20920	811	6113	7743	4413
Gen 360:	20907	802	6090	7779	4422
Gen 361:	20865	802	6067	7837	4429
Gen 362:	20826	795	6048	7864	4467
Gen 363:	20843	796	6011	7874	4476
Gen 364:	20767	802	6024	7924	4483
Gen 365:	20738	807	6031	7930	4494
Gen 366:	20785	802	5990	7918	4505
Gen 367:	20739	796	5985	7965	4515
Gen 368:	20781	794	5932	7963	4530
Gen 369:	20806	800	5919	7938	4537
Gen 370:	20855	799	5918	7890	4538
Gen 371:	20865	780	5905	7890	4560
Gen 372:	20886	782	5869	7899	4564
Gen 373:	20920	759	5851	7901	4569
Gen 374:	20878	766	5884	7905	4567
Gen 375:	20796	763	5896	7964	4581
Gen 376:	20777	761	5918	7981	4563
Gen 377:	20712	772	5937	7991	4588
Gen 378:	20714	762	5931	7993	4600
Gen 379:	20755	757	5895	7991	4602
Gen 380:	20742	746	5898	8022	4592
Gen 381:	20817	739	5872	7998	4574
Gen 382:	20880	741	5823	7972	4584
Gen 383:	20859	721	5825	7991	4604
Gen 384:	20878	730	5800	7999	4593
Gen 385:	20870	719	5793	8020	4598
Gen 386:	20877	710	5787	8027	4599
Gen 387:	20870	719	5754	8049	4608
Gen 388:	20812	695	5790	8061	4642
Gen 389:	20843	710	5736	8048	4663
Gen 390:	20876	709	5737	8025	4653
Gen 391:	20809	706	5782	8010	4693
Gen 392:	20840	712	5774	8003	4671
Gen 393:	20838	718	5756	8035	4653
Gen 394:	20855	730	5752	8029	4634
Gen 395:	20862	715	5773	8010	4640
Gen 396:	20870	712	5763	8011	4644
Gen 397:	20886	687	5730	8031	4666
Gen 398:	20896	688	5725	8021	4670
Gen 399:	20790	691	5752	8061	4706
Gen 400:	20822	677	5730	8053	4718
Gen 401:	20805	663	5719	8090	4723
Gen 402:	20812	659	5698	8089	4742
Gen 403:	20825	646	5690	8066	4773
Gen 404:	20833	655	5670	8073	4769
Gen 405:	20839	651	5682	8057	4771
Gen 406:	20791	653	5684	8081	4791
Gen 407:	20771	656	5680	8089	4804
Gen 408:	20797	647	5670	8081	4805
Gen 409:	20754	647	5674	8119	4806
Gen 410:	20759	652	5659	8108	4822
Gen 411:	20773	650	5630	8113	4834
Gen 412:	20808	628	5625	8133	4806
Gen 413:	20839	628	5575	8165	4793
Gen 414:	20850	633	5578	8155	4784
Gen 415:	20902	624	5549	8148	4777
Gen 416:	20904	624	5551	8144	4777
Gen 417:	20905	627	5545	8148	4775
Gen 418:	20897	636	5500	8197	4770
Gen 419:	20861	632	5532	8201	4774
Gen 420:	20842	641	5530	8190	4797
Gen 421:	20809	651	5557	8185	4798
Gen 422:	20782	641	5525	8213	4839
Gen 423:	20792	620	5523	8219	4846
Gen 424:	20774	631	5510	8223	4862
Gen 425:	20806	636	5466	8225	4867
Gen 426:	20772	641	5431	8267	4889
Gen 427:	20791	639	5409	8293	4868
Gen 428:	20753	634	5397	8349	4867
Gen 429:	20766	632	5408	8335	4859
Gen 430:	20742	640	5397	8345	4876
Gen 431:	20799	639	5355	8329	4878
Gen 432:	20800	647	5335	8354	4864
Gen 433:	20775	640	5352	8360	4873
Gen 434:	20803	642	5355	8331	4869
Gen 435:	20802	625	5361	8326	4886
Gen 436:	20784	626	5349	8361	4880
Gen 437:	20763	638	5307	8377	4915
Gen 438:	20792	652	5293	8355	4908
Gen 439:	20808	643	5295	8362	4892
Gen 440:	20818	632	5289	8360	4901
Gen 441:	20780	616	5318	8385	4901
Gen 442:	20752	615	5337	8415	4881
Gen 443:	20700	613	5372	8418	4897
Gen 444:	20681	619	5361	8450	4889
Gen 445:	20717	611	5332	8454	4886
Gen 446:	20770	607	5296	8472	4855
Gen 447:	20723	610	5296	8483	4888
Gen 448:	20731	595	5291	8497	4886
Gen 449:	20721	589	5306	8511	4873
Gen 450:	20754	582	5315	8479	4870
Gen 451:	20757	587	5302	8483	4871
Gen 452:	20667	588	5318	8514	4913
Gen 453:	20614	597	5353	8522	4914
Gen 454:	20650	585	5352	8493	4920
Gen 455:	20673	589	5376	8480	4882
Gen 456:	20657	605	5341	8489	4908
Gen 457:	20638	599	5319	8539	4905
Gen 458:	20647	599	5331	8543	4880
Gen 459:	20625	601	5305	8579	4890
Gen 460:	20612	608	5279	8607	4894
Gen 461:	20621	596	5290	8606	4887
Gen 462:	20648	594	5261	8614	4883
Gen 463:	20636	593	5276	8618	4877
Gen 464:	20627	576	5291	8624	4882
Gen 465:	20676	566	5276	8604	4878
Gen 466:	20605	549	5279	8665	4902
Gen 467:	20608	558	5251	8692	4891
Gen 468:	20641	561	5233	8657	4908
Gen 469:	20665	559	5218	8655	4903
Gen 470:	20707	554	5185	8652	4902
Gen 471:	20687	553	5169	8689	4902
Gen 472:	20680	541	5155	8715	4909
Gen 473:	20715	543	5148	8693	4901
Gen 474:	20776	535	5133	8653	4903
Gen 475:	20743	530	5128	8665	4934
Gen 476:	20781	544	5107	8664	4904
Gen 477:	20742	543	5143	8658	4914
Gen 478:	20727	539	5182	8646	4906
Gen 479:	20723	540	5168	8649	4920
Gen 480:	20703	534	5163	8708	4892
Gen 481:	20697	534	5173	8702	4894
Gen 482:	20658	546	5181	8708	4907
Gen 483:	20673	539	5153	8720	4915
Gen 484:	20642	538	5158	8724	4938
Gen 485:	20581	557	5171	8741	4950
Gen 486:	20630	560	5140	8735	4935
Gen 487:	20616	558	5162	8749	4915
Gen 488:	20597	559	5154	8769	4921
Gen 489:	20608	556	5135	8746	4955
Gen 490:	20655	552	5130	8716	4947
Gen 491:	20750	543	5099	8667	4941
Gen 492:	20748	539	5124	8642	4947
Gen 493:	20770	531	5135	8639	4925
Gen 494:	20780	535	5118	8656	4911
Gen 495:	20809	544	5077	8670	4900
Gen 496:	20742	540	5062	8728	4928
Gen 497:	20747	533	5031	8749	4940
Gen 498:	20754	541	5038	8728	4939
Gen 499:	20763	538	5059	8700	4940
Gen 500:	20691	546	5083	8730	4950
Gen 501:	20713	547	5052	8745	4943
Gen 502:	20679	552	5024	8787	4958
Gen 503:	20716	560	4983	8794	4947
Gen 504:	20750	545	4965	8797	4943
Gen 505:	20727	543	4998	8759	4973
Gen 506:	20757	537	4979	8747	4980
Gen 507:	20731	535	4938	8797	4999
Gen 508:	20714	531	4925	8810	5020
Gen 509:	20735	532	4935	8770	5028
Gen 510:	20638	541	4947	8815	5059
Gen 511:	20677	520	4934	8815	5054
Gen 512:	20669	531	4907	8841	5052
Gen 513:	20607	528	4923	8847	5095
Gen 514:	20619	529	4928	8838	5086
Gen 515:	20583	532	4933	8883	5069
Gen 516:	20575	534	4927	8918	5046
Gen 517:	20612	543	4912	8896	5037
Gen 518:	20659	537	4906	8878	5020
Gen 519:	20712	525	4884	8873	5006
Gen 520:	20726	518	4869	8875	5012
Gen 521:	20665	523	4872	8891	5049
Gen 522:	20686	523	4845	8875	5071
Gen 523:	20657	516	4872	8891	5064
Gen 524:	20691	513	4848	8880	5068
Gen 525:	20711	506	4870	8887	5026
Gen 526:	20783	491	4853	8873	5000
Gen 527:	20716	487	4865	8878	5054
Gen 528:	20713	478	4845	8892	5072
Gen 529:	20689	486	4808	8927	5090
Gen 530:	20646	481	4844	8941	5088
Gen 531:	20606	499	4847	8964	5084
Gen 532:	20640	501	4857	8923	5079
Gen 533:	20667	493	4828	8953	5059
Gen 534:	20690	488	4818	8947	5057
Gen 535:	20652	510	4795	8994	5049
Gen 536:	20679	510	4774	8983	5054
Gen 537:	20732	498	4763	8963	5044
Gen 538:	20734	508	4748	8946	5064
Gen 539:	20770	504	4730	8925	5071
Gen 540:	20754	506	4722	8930	5088
Gen 541:	20763	505	4693	8958	5081
Gen 542:	20778	500	4664	8958	5100
Gen 543:	20790	502	4662	8921	5125
Gen 544:	20749	503	4647	8954	5147
Gen 545:	20772	509	4641	8956	5122
Gen 546:	20819	491	4653	8901	5136
Gen 547:	20778	496	4632	8930	5164
Gen 548:	20782	496	4620	8952	5150
Gen 549:	20755	496	4647	8953	5149
Gen 550:	20778	497	4631	8955	5139
Gen 551:	20804	499	4612	8941	5144
Gen 552:	20824	481	4586	8965	5144
Gen 553:	20812	478	4577	8998	5135
Gen 554:	20766	470	4598	9004	5162
Gen 555:	20761	469	4594	8984	5192
Gen 556:	20781	463	4589	8971	5196
Gen 557:	20818	464	4558	8957	5203
Gen 558:	20789	461	4604	8928	5218
Gen 559:	20807	453	4582	8940	5218
Gen 560:	20820	460	4576	8941	5203
Gen 561:	20829	458	4574	8927	5212
Gen 562:	20772	446	4582	8928	5272
Gen 563:	20777	442	4547	8962	5272
Gen 564:	20778	450	4520	9004	5248
Gen 565:	20782	438	4510	9047	5223
Gen 566:	20731	429	4506	9105	5229
Gen 567:	20783	425	4486	9071	5235
Gen 568:	20728	420	4504	9095	5253
Gen 569:	20711	434	4493	9099	5263
Gen 570:	20704	437	4473	9100	5286
Gen 571:	20667	442	4507	9104	5280
Gen 572:	20663	442	4480	9115	5300
Gen 573:	20708	446	4445	9131	5270
Gen 574:	20733	448	4437	9114	5268
Gen 575:	20715	456	4423	9109	5297
Gen 576:	20736	451	4407	9081	5325
Gen 577:	20791	446	4385	9051	5327
Gen 578:	20802	439	4403	9047	5309
Gen 579:	20733	427	4436	9103	5301
Gen 580:	20729	428	4457	9085	5301
Gen 581:	20735	423	4428	9084	5330
Gen 582:	20741	422	4426	9080	5331
Gen 583:	20744	429	4419	9067	5341
Gen 584:	20760	432	4422	9090	5296
Gen 585:	20707	432	4425	9110	5326
Gen 586:	20694	424	4423	9154	5305
Gen 587:	20703	416	4413	9157	5311
Gen 588:	20724	413	4410	9151	5302
Gen 589:	20736	419	4393	9150	5302
Gen 590:	20758	411	4383	9173	5275
Gen 591:	20764	403	4383	9160	5290
Gen 592:	20790	406	4372	9149	5283
Gen 593:	20733	429	4388	9169	5281
Gen 594:	20800	421	4403	9110	5266
Gen 595:	20741	422	4368	9183	5286
Gen 596:	20788	415	4345	9180	5272
Gen 597:	20813	420	4322	9168	5277
Gen 598:	20848	411	4312	9145	5284
Gen 599:	20792	402	4304	9194	5308
Gen 600:	20739	402	4334	9201	5324
Gen 601:	20795	395	4322	9194	5294
Gen 602:	20770	396	4346	9203	5285
Gen 603:	20754	401	4328	9243	5274
Gen 604:	20772	409	4322	9237	5260
Gen 605:	20722	408	4312	9288	5270
Gen 606:	20719	408	4312	9306	5255
Gen 607:	20706	405	4334	9285	5270
Gen 608:	20764	400	4321	9250	5265
Gen 609:	20759	400	4325	9279	5237
Gen 610:	20720	394	4317	9312	5257
Gen 611:	20745	402	4314	9301	5238
Gen 612:	20770	410	4284	9303	5233
Gen 613:	20765	414	4287	9280	5254
Gen 614:	20773	403	4272	9291	5261
Gen 615:	20795	400	4252	9281	5272
Gen 616:	20789	396	4252	9287	5276
Gen 617:	20763	394	4267	9279	5297
Gen 618:	20770	392	4255	9296	5287
Gen 619:	20745	397	4251	9308	5299
Gen 620:	20732	390	4260	9333	5285
Gen 621:	20670	394	4279	9339	5318
Gen 622:	20666	392	4277	9342	5323
Gen 623:	20652	374	4278	9366	5330
Gen 624:	20692	382	4274	9318	5334
Gen 625:	20642	380	4293	9335	5350
Gen 626:	20642	366	4290	9340	5362
Gen 627:	20674	375	4259	9351	5341
Gen 628:	20677	379	4254	9340	5350
Gen 629:	20695	378	4260	9313	5354
Gen 630:	20707	378	4256	9321	5338
Gen 631:	20715	375	4237	9289	5384
Gen 632:	20733	364	4235	9280	5388
Gen 633:	20730	369	4221	9284	5396
Gen 634:	20764	379	4191	9322	5344
Gen 635:	20755	375	4190	9333	5347
Gen 636:	20751	378	4146	9383	5342
Gen 637:	20725	392	4137	9363	5383
Gen 638:	20710	397	4149	9349	5395
Gen 639:	20727	393	4139	9335	5406
Gen 640:	20744	381	4137	9347	5391
Gen 641:	20729	384	4129	9329	5429
Gen 642:	20748	385	4121	9334	5412
Gen 643:	20764	394	4089	9356	5397
Gen 644:	20814	392	4065	9345	5384
Gen 645:	20787	383	4059	9358	5413
Gen 646:	20747	390	4088	9378	5397
Gen 647:	20758	385	4070	9400	5387
Gen 648:	20759	388	4061	9433	5359
Gen 649:	20807	381	4045	9435	5332
Gen 650:	20802	381	4047	9446	5324
Gen 651:	20808	384	4046	9427	5335
Gen 652:	20811	393	4038	9432	5326
Gen 653:	20773	386	4059	9422	5360
Gen 654:	20777	398	4045	9405	5375
Gen 655:	20727	398	4043	9424	5408
Gen 656:	20742	389	4049	9415	5405
Gen 657:	20729	395	4060	9397	5419
Gen 658:	20713	379	4045	9451	5412
Gen 659:	20730	379	4032	9474	5385
Gen 660:	20696	386	4063	9457	5398
Gen 661:	20720	381	4058	9446	5395
Gen 662:	20771	378	4041	9430	5380
Gen 663:	20820	372	4024	9407	5377
Gen 664:	20785	376	4052	9446	5341
Gen 665:	20780	369	4066	9464	5321
Gen 666:	20830	370	4044	9429	5327
Gen 667:	20806	369	4028	9427	5370
Gen 668:	20768	382	3985	9458	5407
Gen 669:	20731	379	3962	9492	5436
Gen 670:	20744	374	3945	9526	5411
Gen 671:	20746	370	3917	9531	5436
Gen 672:	20773	364	3903	9541	5419
Gen 673:	20731	367	3911	9578	5413
Gen 674:	20753	376	3860	9566	5445
Gen 675:	20770	367	3888	9552	5423
Gen 676:	20777	359	3904	9543	5417
Gen 677:	20790	347	3887	9558	5418
Gen 678:	20769	357	3898	9545	5431
Gen 679:	20791	362	3882	9516	5449
Gen 680:	20752	353	3880	9560	5455
Gen 681:	20716	338	3886	9587	5473
Gen 682:	20653	344	3911	9613	5479
Gen 683:	20666	337	3885	9633	5479
Gen 684:	20678	340	3868	9635	5479
Gen 685:	20660	340	3856	9654	5490
Gen 686:	20722	331	3850	9630	5467
Gen 687:	20650	321	3845	9675	5509
Gen 688:	20669	329	3830	9674	5498
Gen 689:	20597	328	3836	9698	5541
Gen 690:	20607	328	3813	9735	5517
Gen 691:	20586	328	3821	9724	5541
Gen 692:	20585	326	3827	9750	5512
Gen 693:	20577	319	3848	9759	5497
Gen 694:	20550	319	3872	9732	5527
Gen 695:	20543	324	3855	9722	5556
Gen 696:	20517	332	3846	9721	5584
Gen 697:	20503	333	3833	9731	5600
Gen 698:	20521	324	3773	9781	5601
Gen 699:	20550	328	3775	9767	5580
Gen 700:	20625	318	3753	9760	5544
Gen 701:	20638	317	3736	9752	5557
Gen 702:	20653	319	3720	9730	5578
Gen 703:	20726	311	3691	9738	5534
Gen 704:	20730	311	3684	9735	5540
Gen 705:	20812	299	3669	9700	5520
Gen 706:	20853	307	3665	9663	5512
Gen 707:	20853	300	3668	9640	5539
Gen 708:	20914	298	3693	9592	5503
Gen 709:	20895	293	3698	9615	5499
Gen 710:	20890	288	3694	9623	5505
Gen 711:	20916	272	3690	9612	5510
Gen 712:	20928	280	3701	9595	5496
Gen 713:	20922	279	3685	9623	5491
Gen 714:	20941	281	3654	9636	5488
Gen 715:	20994	273	3642	9629	5462
Gen 716:	20983	265	3649	9613	5490
Gen 717:	20996	254	3663	9581	5506
Gen 718:	21021	262	3662	9575	5480
Gen 719:	21069	260	3624	9566	5481
Gen 720:	21072	264	3605	9583	5476
Gen 721:	21098	265	3588	9583	5466
Gen 722:	21114	273	3564	9594	5455
Gen 723:	21054	276	3565	9637	5468
Gen 724:	20982	280	3573	9686	5479
Gen 725:	20951	275	3567	9696	5511
Gen 726:	20857	276	3593	9722	5552
Gen 727:	20828	269	3559	9768	5576
Gen 728:	20874	271	3516	9789	5550
Gen 729:	20879	269	3503	9819	5530
Gen 730:	20838	265	3514	9850	5533
Gen 731:	20823	263	3530	9851	5533
Gen 732:	20793	251	3554	9881	5521
Gen 733:	20819	254	3553	9861	5513
Gen 734:	20798	253	3555	9869	5525
Gen 735:	20870	250	3535	9814	5531
Gen 736:	20832	245	3538	9825	5560
Gen 737:	20823	246	3533	9831	5567
Gen 738:	20865	238	3545	9809	5543
Gen 739:	20905	238	3517	9787	5553
Gen 740:	20872	242	3531	9792	5563
Gen 741:	20842	246	3535	9801	5576
Gen 742:	20825	245	3543	9818	5569
Gen 743:	20824	253	3509	9834	5580
Gen 744:	20795	250	3489	9885	5581
Gen 745:	20773	249	3478	9889	5611
Gen 746:	20796	247	3457	9907	5593
Gen 747:	20755	255	3464	9914	5612
Gen 748:	20724	248	3476	9950	5602
Gen 749:	20714	251	3485	9975	5575
Gen 750:	20700	247	3515	9980	5558
Gen 751:	20715	246	3506	9944	5589
Gen 752:	20755	249	3486	9929	5581
Gen 753:	20695	247	3486	9980	5592
Gen 754:	20683	254	3474	10006	5583
Gen 755:	20753	248	3451	9988	5560
Gen 756:	20761	252	3465	9971	5551
Gen 757:	20814	250	3427	9940	5569
Gen 758:	20799	260	3442	9915	5584
Gen 759:	20786	257	3441	9915	5601
Gen 760:	20785	247	3446	9902	5620
Gen 761:	20813	240	3429	9909	5609
Gen 762:	20866	239	3414	9887	5594
Gen 763:	20829	242	3402	9902	5625
Gen 764:	20743	238	3410	9955	5654
Gen 765:	20686	246	3437	9976	5655
Gen 766:	20719	248	3434	9949	5650
Gen 767:	20758	252	3406	9942	5642
Gen 768:	20791	244	3391	9955	5619
Gen 769:	20797	251	3378	9987	5587
Gen 770:	20861	252	3352	9970	5565
Gen 771:	20877	251	3345	9966	5561
Gen 772:	20884	248	3343	9959	5566
Gen 773:	20925	248	3330	9908	5589
Gen 774:	20985	245	3279	9891	5600
Gen 775:	21009	244	3271	9871	5605
Gen 776:	20982	242	3283	9886	5607
Gen 777:	21041	236	3267	9858	5598
Gen 778:	21010	231	3284	9869	5606
Gen 779:	21048	224	3277	9843	5608
Gen 780:	20975	222	3281	9887	5635
Gen 781:	20974	217	3289	9897	5623
Gen 782:	20968	213	3311	9891	5617
Gen 783:	20920	216	3317	9917	5630
Gen 784:	20909	214	3318	9929	5630
Gen 785:	20879	219	3336	9934	5632
Gen 786:	20840	216	3331	9973	5640
Gen 787:	20812	218	3342	9963	5665
Gen 788:	20822	218	3300	9991	5669
Gen 789:	20847	228	3297	9946	5682
Gen 790:	20766	228	3305	10024	5677
Gen 791:	20819	216	3271	10017	5677
Gen 792:	20746	203	3291	10043	5717
Gen 793:	20724	204	3291	10040	5741
Gen 794:	20649	194	3319	10057	5781
Gen 795:	20568	200	3305	10108	5819
Gen 796:	20634	197	3292	10088	5789
Gen 797:	20663	197	3293	10065	5782
Gen 798:	20641	195	3291	10108	5765
Gen 799:	20598	201	3295	10119	5787
Gen 800:	20594	203	3293	10118	5792
Gen 801:	20694	197	3247	10078	5784
Gen 802:	20761	189	3208	10073	5769
Gen 803:	20746	190	3230	10063	5771
Gen 804:	20743	185	3217	10064	5791
Gen 805:	20735	186	3202	10087	5790
Gen 806:	20751	191	3172	10093	5793
Gen 807:	20726	191	3198	10104	5781
Gen 808:	20658	191	3186	10156	5809
Gen 809:	20693	190	3167	10110	5840
Gen 810:	20792	189	3148	10046	5825
Gen 811:	20781	193	3129	10072	5825
Gen 812:	20784	194	3114	10079	5829
Gen 813:	20747	188	3134	10075	5856
Gen 814:	20779	189	3105	10088	5839
Gen 815:	20801	188	3087	10112	5812
Gen 816:	20770	187	3089	10126	5828
Gen 817:	20787	181	3079	10102	5851
Gen 818:	20810	184	3052	10093	5861
Gen 819:	20773	184	3058	10096	5889
Gen 820:	20670	182	3086	10110	5952
Gen 821:	20701	178	3068	10097	5956
Gen 822:	20694	178	3079	10083	5966
Gen 823:	20687	169	3058	10125	5961
Gen 824:	20669	168	3058	10157	5948
Gen 825:	20676	168	3058	10165	5933
Gen 826:	20731	175	3057	10117	5920
Gen 827:	20755	176	3050	10103	5916
Gen 828:	20697	173	3041	10129	5960
Gen 829:	20638	172	3056	10152	5982
Gen 830:	20634	171	3054	10154	5987
Gen 831:	20637	167	3056	10138	6002
Gen 832:	20616	167	3052	10180	5985
Gen 833:	20627	164	3050	10182	5977
Gen 834:	20643	163	3070	10174	5950
Gen 835:	20649	163	3014	10204	5970
Gen 836:	20647	163	2983	10200	6007
Gen 837:	20665	169	2986	10163	6017
Gen 838:	20702	170	2990	10149	5989
Gen 839:	20725	170	2985	10127	5993
Gen 840:	20690	160	2987	10156	6007
Gen 841:	20683	163	2994	10160	6000
Gen 842:	20693	171	2989	10159	5988
Gen 843:	20645	172	3009	10160	6014
Gen 844:	20590	168	3017	10200	6025
Gen 845:	20629	175	3003	10189	6004
Gen 846:	20630	182	3015	10165	6008
Gen 847:	20569	186	3026	10207	6012
Gen 848:	20597	183	3023	10212	5985
Gen 849:	20603	181	3030	10195	5991
Gen 850:	20585	184	3029	10224	5978
Gen 851:	20580	190	3008	10224	5998
Gen 852:	20595	190	2996	10208	6011
Gen 853:	20620	197	2978	10197	6008
Gen 854:	20629	197	2963	10202	6009
Gen 855:	20582	209	2960	10226	6023
Gen 856:	20535	201	2955	10270	6039
Gen 857:	20477	192	2944	10314	6073
Gen 858:	20460	197	2928	10333	6082
Gen 859:	20471	193	2924	10343	6069
Gen 860:	20469	194	2923	10352	6062
Gen 861:	20505	193	2912	10340	6050
Gen 862:	20520	190	2896	10358	6036
Gen 863:	20487	196	2904	10370	6043
Gen 864:	20513	189	2903	10326	6069
Gen 865:	20503	186	2890	10358	6063
Gen 866:	20562	192	2857	10340	6049
Gen 867:	20562	190	2867	10327	6054
Gen 868:	20564	194	2871	10324	6047
Gen 869:	20577	194	2871	10308	6050
Gen 870:	20607	187	2852	10311	6043
Gen 871:	20583	192	2859	10299	6067
Gen 872:	20598	187	2883	10283	6049
Gen 873:	20618	185	2887	10254	6056
Gen 874:	20643	191	2884	10247	6035
Gen 875:	20701	185	2865	10234	6015
Gen 876:	20653	188	2863	10258	6038
Gen 877:	20688	190	2846	10251	6025
Gen 878:	20693	182	2844	10274	6007
Gen 879:	20754	179	2831	10288	5948
Gen 880:	20741	186	2828	10278	5967
Gen 881:	20755	178	2833	10274	5960
Gen 882:	20699	175	2835	10318	5973
Gen 883:	20664	174	2849	10345	5968
Gen 884:	20634	174	2860	10352	5980
Gen 885:	20642	178	2859	10343	5978
Gen 886:	20572	182	2845	10394	6007
Gen 887:	20587	179	2850	10375	6009
Gen 888:	20532	181	2857	10425	6005
Gen 889:	20550	182	2859	10412	5997
Gen 890:	20603	177	2839	10386	5995
Gen 891:	20591	178	2837	10378	6016
Gen 892:	20620	172	2834	10367	6007
Gen 893:	20638	171	2834	10360	5997
Gen 894:	20647	170	2836	10365	5982
Gen 895:	20630	171	2830	10370	5999
Gen 896:	20626	161	2817	10397	5999
Gen 897:	20629	158	2841	10373	5999
Gen 898:	20650	160	2835	10375	5980
Gen 899:	20710	157	2824	10327	5982
Gen 900:	20677	161	2821	10348	5993
Gen 901:	20684	158	2816	10345	5997
Gen 902:	20584	157	2824	10407	6028
Gen 903:	20579	159	2834	10374	6054
Gen 904:	20553	156	2841	10383	6067
Gen 905:	20574	154	2817	10408	6047
Gen 906:	20590	151	2809	10386	6064
Gen 907:	20606	152	2813	10359	6070
Gen 908:	20605	148	2811	10367	6069
Gen 909:	20600	149	2822	10353	6076
Gen 910:	20588	145	2803	10379	6085
Gen 911:	20612	138	2800	10361	6089
Gen 912:	20599	140	2797	10381	6083
Gen 913:	20607	139	2786	10370	6098
Gen 914:	20561	139	2787	10418	6095
Gen 915:	20570	138	2784	10420	6088
Gen 916:	20562	134	2789	10418	6097
Gen 917:	20585	136	2781	10407	6091
Gen 918:	20565	134	2790	10385	6126
Gen 919:	20562	136	2774	10399	6129
Gen 920:	20592	140	2756	10429	6083
Gen 921:	20601	139	2767	10431	6062
Gen 922:	20597	148	2756	10432	6067
Gen 923:	20569	146	2771	10457	6057
Gen 924:	20617	145	2757	10423	6058
Gen 925:	20660	136	2755	10385	6064
Gen 926:	20586	130	2753	10429	6102
Gen 927:	20606	131	2729	10423	6111
Gen 928:	20596	132	2713	10445	6114
Gen 929:	20529	133	2719	10457	6162
Gen 930:	20555	137	2706	10448	6154
Gen 931:	20559	140	2692	10449	6160
Gen 932:	20615	138	2682	10392	6173
Gen 933:	20597	136	2697	10425	6145
Gen 934:	20587	137	2687	10434	6155
Gen 935:	20575	139	2699	10433	6154
Gen 936:	20532	137	2704	10481	6146
Gen 937:	20509	142	2700	10471	6178
Gen 938:	20499	130	2680	10475	6216
Gen 939:	20548	132	2701	10439	6180
Gen 940:	20540	133	2704	10456	6167
Gen 941:	20539	130	2699	10451	6181
Gen 942:	20560	134	2689	10425	6192
Gen 943:	20558	131	2679	10421	6211
Gen 944:	20517	131	2682	10459	6211
Gen 945:	20503	137	2691	10451	6218
Gen 946:	20487	138	2690	10476	6209
Gen 947:	20561	134	2669	10421	6215
Gen 948:	20578	138	2644	10438	6202
Gen 949:	20631	129	2625	10408	6207
Gen 950:	20682	133	2637	10354	6194
Gen 951:	20600	133	2613	10390	6264
Gen 952:	20646	138	2586	10341	6289
Gen 953:	20603	139	2607	10348	6303
Gen 954:	20554	132	2612	10406	6296
Gen 955:	20606	132	2602	10384	6276
Gen 956:	20632	130	2581	10395	6262
Gen 957:	20650	132	2586	10372	6260
Gen 958:	20679	134	2597	10338	6252
Gen 959:	20658	139	2619	10323	6261
Gen 960:	20684	129	2620	10292	6275
Gen 961:	20660	129	2613	10324	6274
Gen 962:	20690	130	2599	10339	6242
Gen 963:	20714	119	2603	10333	6231
Gen 964:	20743	118	2586	10352	6201
Gen 965:	20748	119	2561	10338	6234
Gen 966:	20746	121	2558	10337	6238
Gen 967:	20730	128	2552	10352	6238
Gen 968:	20713	124	2542	10383	6238
Gen 969:	20721	119	2565	10363	6232
Gen 970:	20728	116	2562	10370	6224
Gen 971:	20769	117	2535	10336	6243
Gen 972:	20764	117	2525	10335	6259
Gen 973:	20744	122	2526	10332	6276
Gen 974:	20765	121	2505	10323	6286
Gen 975:	20742	125	2509	10332	6292
Gen 976:	20681	124	2506	10370	6319
Gen 977:	20634	130	2493	10403	6340
Gen 978:	20601	127	2497	10443	6332
Gen 979:	20587	126	2469	10481	6337
Gen 980:	20606	131	2468	10466	6329
Gen 981:	20664	128	2457	10450	6301
Gen 982:	20648	128	2459	10493	6272
Gen 983:	20696	125	2447	10453	6279
Gen 984:	20745	119	2447	10407	6282
Gen 985:	20740	121	2468	10420	6251
Gen 986:	20686	115	2480	10416	6303
Gen 987:	20711	112	2459	10433	6285
Gen 988:	20726	110	2459	10414	6291
Gen 989:	20697	108	2485	10413	6297
Gen 990:	20722	106	2448	10443	6281
Gen 991:	20656	106	2452	10472	6314
Gen 992:	20695	106	2415	10456	6328
Gen 993:	20734	109	2403	10387	6367
Gen 994:	20770	106	2396	10361	6367
Gen 995:	20775	105	2408	10366	6346
Gen 996:	20837	96	2399	10348	6320
Gen 997:	20762	97	2406	10415	6320
Gen 998:	20698	99	2419	10448	6336
Gen 999:	20744	101	2393	10407	6355
Gen 1000:	20751	105	2373	10394	6377
Gen 1001:	20743	108	2354	10423	6372
Gen 1002:	20734	108	2342	10438	6378
Gen 1003:	20777	112	2329	10425	6357
Gen 1004:	20763	113	2300	10469	6355
Gen 1005:	20723	115	2309	10484	6369
Gen 1006:	20727	118	2311	10496	6348
Gen 1007:	20692	120	2319	10491	6378
Gen 1008:	20692	120	2318	10492	6378
Gen 1009:	20701	115	2322	10497	6365
Gen 1010:	20699	112	2316	10501	6372
Gen 1011:	20734	101	2297	10489	6379
Gen 1012:	20738	104	2295	10498	6365
Gen 1013:	20711	106	2277	10510	6396
Gen 1014:	20686	105	2288	10510	6411
Gen 1015:	20661	109	2307	10503	6420
Gen 1016:	20654	102	2316	10504	6424
Gen 1017:	20663	105	2334	10486	6412
Gen 1018:	20579	102	2355	10543	6421
Gen 1019:	20550	105	2346	10574	6425
Gen 1020:	20550	106	2335	10569	6440
Gen 1021:	20613	104	2322	10518	6443
Gen 1022:	20586	108	2332	10526	6448
Gen 1023:	20677	113	2303	10505	6402
Gen 1024:	20692	117	2291	10513	6387
Gen 1025:	20674	113	2294	10523	6396
Gen 1026:	20642	119	2301	10544	6394
Gen 1027:	20618	126	2308	10541	6407
Gen 1028:	20601	128	2307	10553	6411
Gen 1029:	20619	134	2290	10555	6402
Gen 1030:	20651	130	2277	10553	6389
Gen 1031:	20616	130	2297	10562	6395
Gen 1032:	20639	127	2283	10548	6403
Gen 1033:	20683	119	2264	10570	6364
Gen 1034:	20639	111	2258	10601	6391
Gen 1035:	20699	106	2258	10571	6366
Gen 1036:	20675	107	2276	10590	6352
Gen 1037:	20658	106	2255	10617	6364
Gen 1038:	20671	104	2241	10590	6394
Gen 1039:	20743	104	2236	10540	6377
Gen 1040:	20722	99	2219	10563	6397
Gen 1041:	20702	108	2231	10576	6383
Gen 1042:	20738	110	2227	10548	6377
Gen 1043:	20788	106	2202	10531	6373
Gen 1044:	20773	100	2188	10559	6380
Gen 1045:	20756	98	2191	10572	6383
Gen 1046:	20719	97	2195	10597	6392
Gen 1047:	20661	100	2183	10642	6414
Gen 1048:	20695	99	2192	10607	6407
Gen 1049:	20782	94	2172	10566	6386
Gen 1050:	20803	93	2167	10569	6368
Gen 1051:	20825	93	2167	10553	6362
Gen 1052:	20825	91	2189	10509	6386
Gen 1053:	20827	92	2192	10500	6389
Gen 1054:	20840	91	2188	10477	6404
Gen 1055:	20807	93	2186	10493	6421
Gen 1056:	20773	91	2179	10529	6428
Gen 1057:	20783	88	2154	10556	6419
Gen 1058:	20739	90	2149	10586	6436
Gen 1059:	20687	94	2151	10608	6460
Gen 1060:	20687	99	2130	10631	6453
Gen 1061:	20658	100	2125	10682	6435
Gen 1062:	20613	103	2136	10692	6456
Gen 1063:	20630	107	2121	10683	6459
Gen 1064:	20619	106	2115	10682	6478
Gen 1065:	20626	105	2127	10686	6456
Gen 1066:	20601	108	2118	10689	6484
Gen 1067:	20590	109	2111	10663	6527
Gen 1068:	20563	109	2107	10699	6522
Gen 1069:	20572	104	2094	10714	6516
Gen 1070:	20574	114	2090	10693	6529
Gen 1071:	20608	115	2094	10657	6526
Gen 1072:	20557	117	2106	10686	6534
Gen 1073:	20614	113	2097	10664	6512
Gen 1074:	20619	111	2092	10665	6513
Gen 1075:	20598	115	2109	10671	6507
Gen 1076:	20607	113	2117	10669	6494
Gen 1077:	20565	111	2135	10675	6514
Gen 1078:	20518	109	2147	10702	6524
Gen 1079:	20587	113	2135	10642	6523
Gen 1080:	20582	117	2122	10646	6533
Gen 1081:	20650	120	2110	10618	6502
Gen 1082:	20665	118	2097	10626	6494
Gen 1083:	20678	117	2078	10618	6509
Gen 1084:	20720	112	2083	10575	6510
Gen 1085:	20751	110	2065	10562	6512
Gen 1086:	20716	102	2076	10573	6533
Gen 1087:	20684	101	2080	10589	6546
Gen 1088:	20707	96	2073	10606	6518
Gen 1089:	20745	95	2051	10607	6502
Gen 1090:	20759	100	2038	10582	6521
Gen 1091:	20779	98	2048	10548	6527
Gen 1092:	20796	94	2063	10574	6473
Gen 1093:	20770	95	2072	10592	6471
Gen 1094:	20806	93	2061	10565	6475
Gen 1095:	20824	102	2062	10555	6457
Gen 1096:	20751	100	2062	10585	6502
Gen 1097:	20761	89	2054	10606	6490
Gen 1098:	20714	88	2055	10634	6509
Gen 1099:	20728	88	2047	10632	6505
Gen 1100:	20753	87	2031	10672	6457
Gen 1101:	20776	86	2043	10659	6436
Gen 1102:	20782	87	2034	10650	6447
Gen 1103:	20761	88	2032	10673	6446
Gen 1104:	20788	80	2043	10638	6451
Gen 1105:	20772	87	2030	10646	6465
Gen 1106:	20759	89	2033	10655	6464
Gen 1107:	20761	92	2018	10658	6471
Gen 1108:	20793	93	2004	10642	6468
Gen 1109:	20788	94	2008	10659	6451
Gen 1110:	20812	97	2001	10617	6473
Gen 1111:	20820	100	1997	10630	6453
Gen 1112:	20767	104	2003	10671	6455
Gen 1113:	20786	102	1991	10666	6455
Gen 1114:	20814	105	1979	10666	6436
Gen 1115:	20765	103	1965	10713	6454
Gen 1116:	20746	100	1978	10738	6438
Gen 1117:	20687	102	1952	10804	6455
Gen 1118:	20662	101	1953	10804	6480
Gen 1119:	20640	94	1956	10809	6501
Gen 1120:	20632	100	1950	10817	6501
Gen 1121:	20575	98	1954	10831	6542
Gen 1122:	20598	96	1956	10812	6538
Gen 1123:	20630	97	1960	10756	6557
Gen 1124:	20693	95	1952	10721	6539
Gen 1125:	20733	92	1941	10693	6541
Gen 1126:	20736	94	1946	10692	6532
Gen 1127:	20719	93	1946	10727	6515
Gen 1128:	20758	85	1939	10715	6503
Gen 1129:	20738	84	1931	10734	6513
Gen 1130:	20750	83	1923	10759	6485
Gen 1131:	20721	80	1911	10785	6503
Gen 1132:	20730	78	1893	10811	6488
Gen 1133:	20700	83	1900	10826	6491
Gen 1134:	20687	86	1870	10857	6500
Gen 1135:	20656	85	1870	10895	6494
Gen 1136:	20631	84	1848	10934	6503
Gen 1137:	20616	84	1842	10953	6505
Gen 1138:	20607	82	1834	10952	6525
Gen 1139:	20611	78	1828	10956	6527
Gen 1140:	20671	75	1808	10958	6488
Gen 1141:	20651	75	1817	10969	6488
Gen 1142:	20623	77	1821	10987	6492
Gen 1143:	20707	76	1808	10921	6488
Gen 1144:	20673	78	1799	10947	6503
Gen 1145:	20680	79	1792	10913	6536
Gen 1146:	20702	80	1794	10900	6524
Gen 1147:	20655	78	1803	10930	6534
Gen 1148:	20624	82	1815	10941	6538
Gen 1149:	20630	80	1812	10976	6502
Gen 1150:	20651	83	1804	10961	6501
Gen 1151:	20639	88	1808	10974	6491
Gen 1152:	20706	86	1774	10953	6481
Gen 1153:	20719	89	1754	10965	6473
Gen 1154:	20729	88	1759	10931	6493
Gen 1155:	20713	87	1762	10929	6509
Gen 1156:	20788	86	1769	10857	6500
Gen 1157:	20772	89	1781	10853	6505
Gen 1158:	20744	91	1783	10846	6536
Gen 1159:	20734	93	1800	10845	6528
Gen 1160:	20736	84	1828	10840	6512
Gen 1161:	20743	86	1809	10819	6543
Gen 1162:	20754	87	1805	10798	6556
Gen 1163:	20776	85	1816	10772	6551
Gen 1164:	20739	89	1814	10759	6599
Gen 1165:	20723	88	1798	10772	6619
Gen 1166:	20747	86	1803	10746	6618
Gen 1167:	20791	88	1793	10728	6600
Gen 1168:	20799	81	1785	10733	6602
Gen 1169:	20728	80	1788	10816	6588
Gen 1170:	20724	80	1787	10814	6595
Gen 1171:	20695	79	1773	10857	6596
Gen 1172:	20714	76	1766	10852	6592
Gen 1173:	20718	76	1756	10859	6591
Gen 1174:	20633	73	1753	10922	6619
Gen 1175:	20633	74	1752	10912	6629
Gen 1176:	20648	75	1761	10890	6626
Gen 1177:	20605	79	1782	10889	6645
Gen 1178:	20603	74	1791	10900	6632
Gen 1179:	20637	72	1783	10907	6601
Gen 1180:	20626	76	1784	10905	6609
Gen 1181:	20620	74	1775	10919	6612
Gen 1182:	20647	75	1760	10904	6614
Gen 1183:	20640	71	1728	10930	6631
Gen 1184:	20649	71	1717	10932	6631
Gen 1185:	20708	66	1702	10923	6601
Gen 1186:	20683	65	1693	10924	6635
Gen 1187:	20691	69	1713	10911	6616
Gen 1188:	20708	68	1721	10897	6606
Gen 1189:	20736	67	1717	10876	6604
Gen 1190:	20757	69	1687	10890	6597
Gen 1191:	20822	72	1673	10852	6581
Gen 1192:	20830	73	1673	10844	6580
Gen 1193:	20827	71	1683	10853	6566
Gen 1194:	20869	73	1675	10850	6533
Gen 1195:	20888	78	1679	10847	6508
Gen 1196:	20888	82	1656	10867	6507
Gen 1197:	20839	78	1667	10875	6541
Gen 1198:	20794	77	1653	10911	6565
Gen 1199:	20757	81	1659	10932	6571
Gen 1200:	20707	85	1667	10949	6592
Gen 1201:	20700	86	1674	10937	6603
Gen 1202:	20711	90	1675	10918	6606
Gen 1203:	20721	84	1670	10890	6635
Gen 1204:	20730	86	1662	10894	6628
Gen 1205:	20747	82	1647	10878	6646
Gen 1206:	20734	83	1658	10878	6647
Gen 1207:	20668	84	1685	10938	6625
Gen 1208:	20702	87	1676	10914	6621
Gen 1209:	20786	83	1663	10861	6607
Gen 1210:	20801	84	1667	10860	6588
Gen 1211:	20918	89	1641	10784	6568
Gen 1212:	20924	86	1631	10775	6584
Gen 1213:	20833	85	1638	10835	6609
Gen 1214:	20798	81	1629	10869	6623
Gen 1215:	20774	79	1637	10894	6616
Gen 1216:	20757	78	1646	10908	6611
Gen 1217:	20752	75	1654	10923	6596
Gen 1218:	20708	77	1656	10929	6630
Gen 1219:	20669	77	1652	10978	6624
Gen 1220:	20686	78	1652	10973	6611
Gen 1221:	20718	79	1640	10946	6617
Gen 1222:	20695	79	1624	10985	6617
Gen 1223:	20639	78	1620	11037	6626
Gen 1224:	20700	76	1605	11007	6612
Gen 1225:	20741	72	1622	10981	6584
Gen 1226:	20646	70	1631	11042	6611
Gen 1227:	20640	71	1629	11070	6590
Gen 1228:	20659	73	1637	11051	6580
Gen 1229:	20680	78	1629	11076	6537
Gen 1230:	20694	77	1620	11081	6528
Gen 1231:	20739	86	1609	11025	6541
Gen 1232:	20665	84	1625	11043	6583
Gen 1233:	20691	87	1609	11016	6597
Gen 1234:	20729	88	1617	10953	6613
Gen 1235:	20741	87	1616	10929	6627
Gen 1236:	20750	91	1616	10908	6635
Gen 1237:	20757	90	1612	10907	6634
Gen 1238:	20756	85	1587	10922	6650
Gen 1239:	20677	91	1574	10962	6696
Gen 1240:	20748	93	1554	10945	6660
Gen 1241:	20773	92	1537	10940	6658
Gen 1242:	20808	92	1529	10925	6646
Gen 1243:	20796	91	1543	10929	6641
Gen 1244:	20820	90	1532	10938	6620
Gen 1245:	20806	90	1522	10946	6636
Gen 1246:	20825	83	1523	10928	6641
Gen 1247:	20816	82	1515	10955	6632
Gen 1248:	20792	82	1502	10997	6627
Gen 1249:	20796	81	1498	11007	6618
Gen 1250:	20750	78	1498	11055	6619
Gen 1251:	20735	84	1493	11067	6621
Gen 1252:	20728	86	1492	11078	6616
Gen 1253:	20732	84	1491	11042	6651
Gen 1254:	20774	86	1504	11011	6625
Gen 1255:	20794	82	1496	11009	6619
Gen 1256:	20785	79	1515	11016	6605
Gen 1257:	20765	77	1506	11028	6624
Gen 1258:	20761	78	1500	11081	6580
Gen 1259:	20745	78	1507	11066	6604
Gen 1260:	20828	78	1490	11019	6585
Gen 1261:	20778	83	1501	11032	6606
Gen 1262:	20754	84	1498	11013	6651
Gen 1263:	20660	85	1509	11072	6674
Gen 1264:	20559	83	1509	11105	6744
Gen 1265:	20553	79	1508	11114	6746
Gen 1266:	20543	82	1499	11132	6744
Gen 1267:	20575	82	1489	11103	6751
Gen 1268:	20562	87	1479	11107	6765
Gen 1269:	20620	83	1470	11087	6740
Gen 1270:	20651	84	1454	11067	6744
Gen 1271:	20665	81	1465	11066	6723
Gen 1272:	20643	83	1464	11083	6727
Gen 1273:	20571	86	1463	11116	6764
Gen 1274:	20571	86	1459	11134	6750
Gen 1275:	20629	90	1435	11133	6713
Gen 1276:	20658	95	1425	11136	6686
Gen 1277:	20645	94	1447	11152	6662
Gen 1278:	20659	85	1429	11154	6673
Gen 1279:	20605	84	1454	11188	6669
Gen 1280:	20581	87	1455	11195	6682
Gen 1281:	20568	82	1441	11233	6676
Gen 1282:	20538	78	1436	11250	6698
Gen 1283:	20547	82	1447	11244	6680
Gen 1284:	20573	79	1453	11212	6683
Gen 1285:	20550	78	1475	11227	6670
Gen 1286:	20513	78	1485	11271	6653
Gen 1287:	20595	74	1470	11252	6609
Gen 1288:	20517	72	1469	11291	6651
Gen 1289:	20463	76	1468	11348	6645
Gen 1290:	20492	71	1473	11348	6616
Gen 1291:	20533	67	1465	11320	6615
Gen 1292:	20527	68	1454	11328	6623
Gen 1293:	20528	68	1460	11309	6635
Gen 1294:	20559	68	1440	11305	6628
Gen 1295:	20572	72	1434	11321	6601
Gen 1296:	20542	69	1414	11383	6592
Gen 1297:	20576	68	1400	11385	6571
Gen 1298:	20571	71	1396	11372	6590
Gen 1299:	20524	67	1398	11385	6626
Gen 1300:	20524	66	1399	11358	6653
Gen 1301:	20563	71	1399	11319	6648
Gen 1302:	20584	66	1390	11311	6649
Gen 1303:	20614	66	1396	11278	6646
Gen 1304:	20629	70	1402	11267	6632
Gen 1305:	20633	70	1411	11246	6640
Gen 1306:	20662	69	1407	11243	6619
Gen 1307:	20665	69	1412	11231	6623
Gen 1308:	20657	69	1408	11222	6644
Gen 1309:	20676	70	1416	11238	6600
Gen 1310:	20639	71	1408	11270	6612
Gen 1311:	20599	75	1403	11296	6627
Gen 1312:	20592	74	1391	11321	6622
Gen 1313:	20618	72	1374	11320	6616
Gen 1314:	20596	68	1388	11313	6635
Gen 1315:	20628	67	1384	11291	6630
Gen 1316:	20627	68	1383	11285	6637
Gen 1317:	20629	65	1386	11280	6640
Gen 1318:	20643	70	1383	11279	6625
Gen 1319:	20596	71	1387	11299	6647
Gen 1320:	20627	71	1387	11275	6640
Gen 1321:	20595	72	1395	11302	6636
Gen 1322:	20640	75	1367	11317	6601
Gen 1323:	20642	73	1362	11328	6595
Gen 1324:	20697	72	1360	11305	6566
Gen 1325:	20706	66	1351	11301	6576
Gen 1326:	20657	65	1362	11343	6573
Gen 1327:	20612	69	1362	11365	6592
Gen 1328:	20574	58	1354	11423	6591
Gen 1329:	20569	56	1355	11419	6601
Gen 1330:	20568	58	1353	11420	6601
Gen 1331:	20584	57	1346	11414	6599
Gen 1332:	20525	59	1344	11460	6612
Gen 1333:	20570	58	1345	11444	6583
Gen 1334:	20610	62	1323	11422	6583
Gen 1335:	20536	65	1313	11448	6638
Gen 1336:	20530	61	1307	11456	6646
Gen 1337:	20561	53	1298	11416	6672
Gen 1338:	20524	55	1299	11429	6693
Gen 1339:	20543	53	1299	11420	6685
Gen 1340:	20530	52	1300	11441	6677
Gen 1341:	20536	53	1305	11447	6659
Gen 1342:	20546	49	1306	11427	6672
Gen 1343:	20549	48	1302	11439	6662
Gen 1344:	20515	46	1322	11423	6694
Gen 1345:	20498	48	1327	11386	6741
Gen 1346:	20542	49	1330	11346	6733
Gen 1347:	20527	47	1349	11349	6728
Gen 1348:	20523	49	1341	11347	6740
Gen 1349:	20540	53	1330	11314	6763
Gen 1350:	20565	50	1314	11300	6771
Gen 1351:	20584	48	1319	11281	6768
Gen 1352:	20568	50	1332	11294	6756
Gen 1353:	20568	49	1338	11270	6775
Gen 1354:	20536	49	1344	11263	6808
Gen 1355:	20555	48	1333	11246	6818
Gen 1356:	20556	50	1338	11249	6807
Gen 1357:	20495	48	1328	11302	6827
Gen 1358:	20468	51	1307	11341	6833
Gen 1359:	20510	47	1297	11320	6826
Gen 1360:	20506	48	1289	11323	6834
Gen 1361:	20494	54	1289	11341	6822
Gen 1362:	20498	56	1292	11332	6822
Gen 1363:	20570	56	1271	11328	6775
Gen 1364:	20549	54	1271	11336	6790
Gen 1365:	20538	55	1256	11340	6811
Gen 1366:	20520	53	1266	11354	6807
Gen 1367:	20560	55	1267	11316	6802
Gen 1368:	20566	53	1268	11331	6782
Gen 1369:	20544	53	1267	11344	6792
Gen 1370:	20534	54	1279	11369	6764
Gen 1371:	20510	52	1274	11384	6780
Gen 1372:	20544	52	1267	11382	6755
Gen 1373:	20541	51	1268	11368	6772
Gen 1374:	20555	46	1278	11357	6764
Gen 1375:	20522	46	1282	11406	6744
Gen 1376:	20549	47	1284	11377	6743
Gen 1377:	20497	44	1289	11395	6775
Gen 1378:	20470	47	1282	11395	6806
Gen 1379:	20460	45	1285	11417	6793
Gen 1380:	20421	44	1288	11441	6806
Gen 1381:	20400	42	1285	11440	6833
Gen 1382:	20372	43	1289	11482	6814
Gen 1383:	20433	41	1290	11459	6777
Gen 1384:	20451	43	1287	11445	6774
Gen 1385:	20496	44	1270	11417	6773
Gen 1386:	20521	40	1259	11411	6769
Gen 1387:	20503	40	1258	11441	6758
Gen 1388:	20531	42	1248	11422	6757
Gen 1389:	20521	43	1247	11436	6753
Gen 1390:	20554	45	1248	11408	6745
Gen 1391:	20526	47	1244	11401	6782
Gen 1392:	20546	48	1252	11334	6820
Gen 1393:	20540	47	1255	11359	6799
Gen 1394:	20583	50	1251	11318	6798
Gen 1395:	20628	48	1249	11297	6778
Gen 1396:	20635	48	1242	11296	6779
Gen 1397:	20648	47	1236	11280	6789
Gen 1398:	20644	48	1240	11295	6773
Gen 1399:	20620	50	1241	11314	6775
Gen 1400:	20589	54	1222	11355	6780
Gen 1401:	20601	57	1215	11340	6787
Gen 1402:	20530	55	1228	11403	6784
Gen 1403:	20545	52	1226	11368	6809
Gen 1404:	20547	50	1234	11342	6827
Gen 1405:	20515	51	1236	11367	6831
Gen 1406:	20512	51	1246	11361	6830
Gen 1407:	20493	54	1254	11384	6815
Gen 1408:	20488	57	1244	11386	6825
Gen 1409:	20429	59	1242	11435	6835
Gen 1410:	20367	60	1242	11491	6840
Gen 1411:	20436	54	1238	11462	6810
Gen 1412:	20414	56	1222	11472	6836
Gen 1413:	20438	58	1198	11502	6804
Gen 1414:	20487	63	1191	11439	6820
Gen 1415:	20518	66	1191	11422	6803
Gen 1416:	20576	65	1178	11392	6789
Gen 1417:	20545	69	1178	11412	6796
Gen 1418:	20583	62	1160	11435	6760
Gen 1419:	20563	64	1170	11448	6755
Gen 1420:	20515	64	1170	11488	6763
Gen 1421:	20526	64	1167	11475	6768
Gen 1422:	20601	59	1172	11432	6736
Gen 1423:	20645	59	1173	11392	6731
Gen 1424:	20661	57	1170	11377	6735
Gen 1425:	20620	56	1178	11385	6761
Gen 1426:	20627	59	1175	11368	6771
Gen 1427:	20668	57	1156	11342	6777
Gen 1428:	20649	58	1157	11308	6828
Gen 1429:	20587	58	1174	11355	6826
Gen 1430:	20555	56	1180	11375	6834
Gen 1431:	20567	58	1169	11347	6859
Gen 1432:	20516	56	1173	11349	6906
Gen 1433:	20564	56	1162	11340	6878
Gen 1434:	20527	57	1171	11372	6873
Gen 1435:	20542	55	1179	11381	6843
Gen 1436:	20553	56	1177	11371	6843
Gen 1437:	20596	50	1167	11359	6828
Gen 1438:	20594	48	1169	11326	6863
Gen 1439:	20599	49	1158	11309	6885
Gen 1440:	20654	45	1158	11289	6854
Gen 1441:	20682	43	1151	11304	6820
Gen 1442:	20709	42	1151	11263	6835
Gen 1443:	20677	43	1153	11294	6833
Gen 1444:	20672	43	1147	11313	6825
Gen 1445:	20717	45	1128	11288	6822
Gen 1446:	20716	49	1134	11278	6823
Gen 1447:	20701	50	1120	11318	6811
Gen 1448:	20678	48	1112	11360	6802
Gen 1449:	20674	50	1105	11363	6808
Gen 1450:	20641	51	1102	11396	6810
Gen 1451:	20596	51	1092	11422	6839
Gen 1452:	20585	49	1093	11417	6856
Gen 1453:	20584	48	1089	11415	6864
Gen 1454:	20597	50	1087	11410	6856
Gen 1455:	20570	52	1099	11431	6848
Gen 1456:	20589	52	1087	11425	6847
Gen 1457:	20544	53	1093	11462	6848
Gen 1458:	20585	56	1090	11419	6850
Gen 1459:	20572	58	1091	11424	6855
Gen 1460:	20549	55	1095	11437	6864
Gen 1461:	20578	59	1087	11420	6856
Gen 1462:	20598	58	1075	11422	6847
Gen 1463:	20576	61	1074	11435	6854
Gen 1464:	20630	57	1076	11401	6836
Gen 1465:	20649	53	1075	11385	6838
Gen 1466:	20622	55	1067	11397	6859
Gen 1467:	20649	46	1064	11363	6878
Gen 1468:	20629	45	1051	11382	6893
Gen 1469:	20619	47	1065	11382	6887
Gen 1470:	20621	49	1067	11368	6895
Gen 1471:	20626	48	1061	11387	6878
Gen 1472:	20642	47	1061	11359	6891
Gen 1473:	20666	49	1056	11310	6919
Gen 1474:	20680	50	1056	11283	6931
Gen 1475:	20706	51	1061	11259	6923
Gen 1476:	20737	46	1057	11222	6938
Gen 1477:	20757	44	1056	11242	6901
Gen 1478:	20725	47	1060	11260	6908
Gen 1479:	20744	43	1064	11276	6873
Gen 1480:	20737	42	1075	11264	6882
Gen 1481:	20748	41	1057	11252	6902
Gen 1482:	20762	40	1057	11228	6913
Gen 1483:	20707	39	1059	11295	6900
Gen 1484:	20711	40	1051	11312	6886
Gen 1485:	20682	38	1061	11321	6898
Gen 1486:	20660	41	1081	11307	6911
Gen 1487:	20661	39	1067	11314	6919
Gen 1488:	20666	38	1067	11298	6931
Gen 1489:	20655	32	1076	11287	6950
Gen 1490:	20647	33	1082	11290	6948
Gen 1491:	20661	38	1067	11283	6951
Gen 1492:	20654	36	1054	11305	6951
Gen 1493:	20679	37	1048	11279	6957
Gen 1494:	20689	36	1053	11256	6966
Gen 1495:	20721	30	1053	11264	6932
Gen 1496:	20715	29	1056	11261	6939
Gen 1497:	20779	27	1052	11249	6893
Gen 1498:	20771	26	1048	11235	6920
Gen 1499:	20773	29	1042	11230	6926
Gen 1500:	20703	29	1041	11268	6959
Gen 1501:	20756	31	1038	11224	6951
Gen 1502:	20770	28	1038	11195	6969
Gen 1503:	20737	31	1029	11204	6999
Gen 1504:	20804	31	1016	11138	7011
Gen 1505:	20781	31	1017	11154	7017
Gen 1506:	20701	29	1016	11220	7034
Gen 1507:	20729	31	1009	11193	7038
Gen 1508:	20691	36	1000	11237	7036
Gen 1509:	20684	36	993	11239	7048
Gen 1510:	20660	37	1001	11223	7079
Gen 1511:	20672	38	1005	11195	7090
Gen 1512:	20664	38	1009	11223	7066
Gen 1513:	20694	37	1008	11215	7046
Gen 1514:	20768	36	1013	11160	7023
Gen 1515:	20774	34	1005	11166	7021
Gen 1516:	20748	33	1005	11183	7031
Gen 1517:	20751	33	992	11209	7015
Gen 1518:	20759	34	997	11189	7021
Gen 1519:	20738	32	1000	11199	7031
Gen 1520:	20798	32	979	11185	7006
Gen 1521:	20809	31	969	11173	7018
Gen 1522:	20738	34	947	11246	7035
Gen 1523:	20743	33	928	11282	7014
Gen 1524:	20705	31	941	11313	7010
Gen 1525:	20687	34	942	11303	7034
Gen 1526:	20649	33	959	11335	7024
Gen 1527:	20585	32	963	11369	7051
Gen 1528:	20620	32	965	11362	7021
Gen 1529:	20607	30	967	11357	7039
Gen 1530:	20640	29	955	11343	7033
Gen 1531:	20652	27	949	11334	7038
Gen 1532:	20646	27	955	11335	7037
Gen 1533:	20596	28	957	11364	7055
Gen 1534:	20642	31	949	11333	7045
Gen 1535:	20667	30	946	11316	7041
Gen 1536:	20649	32	944	11319	7056
Gen 1537:	20612	35	939	11353	7061
Gen 1538:	20589	39	928	11366	7078
Gen 1539:	20626	39	919	11369	7047
Gen 1540:	20655	38	921	11347	7039
Gen 1541:	20676	40	917	11336	7031
Gen 1542:	20710	40	912	11316	7022
Gen 1543:	20688	39	927	11317	7029
Gen 1544:	20681	35	920	11314	7050
Gen 1545:	20675	35	915	11337	7038
Gen 1546:	20725	38	905	11302	7030
Gen 1547:	20727	39	905	11314	7015
Gen 1548:	20711	38	910	11313	7028
Gen 1549:	20718	37	920	11344	6981
Gen 1550:	20711	37	925	11356	6971
Gen 1551:	20705	37	919	11372	6967
Gen 1552:	20696	41	923	11367	6973
Gen 1553:	20716	38	918	11361	6967
Gen 1554:	20682	36	913	11396	6973
Gen 1555:	20717	36	905	11397	6945
Gen 1556:	20798	38	890	11361	6913
Gen 1557:	20788	34	895	11354	6929
Gen 1558:	20872	34	899	11302	6893
Gen 1559:	20807	33	892	11350	6918
Gen 1560:	20816	29	884	11332	6939
Gen 1561:	20776	30	875	11394	6925
Gen 1562:	20789	33	886	11342	6950
Gen 1563:	20751	34	881	11369	6965
Gen 1564:	20742	34	881	11354	6989
Gen 1565:	20797	33	875	11314	6981
Gen 1566:	20797	33	878	11286	7006
Gen 1567:	20761	32	877	11307	7023
Gen 1568:	20758	36	882	11301	7023
Gen 1569:	20763	37	875	11310	7015
Gen 1570:	20780	38	867	11312	7003
Gen 1571:	20765	38	877	11307	7013
Gen 1572:	20773	38	890	11300	6999
Gen 1573:	20782	35	879	11348	6956
Gen 1574:	20794	33	876	11377	6920
Gen 1575:	20802	39	879	11358	6922
Gen 1576:	20796	37	874	11383	6910
Gen 1577:	20784	36	875	11403	6902
Gen 1578:	20797	32	889	11401	6881
Gen 1579:	20841	32	901	11366	6860
Gen 1580:	20805	29	926	11375	6865
Gen 1581:	20751	31	929	11398	6891
Gen 1582:	20775	32	911	11399	6883
Gen 1583:	20788	30	895	11367	6920
Gen 1584:	20798	31	899	11347	6925
Gen 1585:	20739	33	905	11389	6934
Gen 1586:	20725	30	908	11394	6943
Gen 1587:	20691	28	901	11401	6979
Gen 1588:	20651	27	901	11432	6989
Gen 1589:	20659	26	900	11423	6992
Gen 1590:	20624	27	899	11459	6991
Gen 1591:	20606	31	900	11452	7011
Gen 1592:	20613	29	902	11447	7009
Gen 1593:	20599	28	900	11465	7008
Gen 1594:	20615	26	891	11456	7012
Gen 1595:	20586	26	887	11469	7032
Gen 1596:	20600	26	874	11481	7019
Gen 1597:	20638	26	879	11457	7000
Gen 1598:	20657	26	880	11460	6977
Gen 1599:	20622	25	863	11477	7013
Gen 1600:	20644	28	855	11484	6989
Gen 1601:	20639	26	857	11482	6996
Gen 1602:	20649	27	850	11496	6978
Gen 1603:	20655	29	859	11486	6971
Gen 1604:	20609	29	855	11541	6966
Gen 1605:	20621	25	857	11530	6967
Gen 1606:	20626	26	845	11533	6970
Gen 1607:	20627	24	840	11564	6945
Gen 1608:	20643	24	846	11557	6930
Gen 1609:	20618	24	842	11590	6926
Gen 1610:	20615	23	832	11610	6920
Gen 1611:	20657	23	824	11599	6897
Gen 1612:	20587	22	821	11676	6894
Gen 1613:	20582	22	816	11681	6899
Gen 1614:	20615	22	807	11647	6909
Gen 1615:	20618	25	803	11639	6915
Gen 1616:	20625	27	800	11631	6917
Gen 1617:	20642	29	810	11604	6915
Gen 1618:	20626	34	796	11623	6921
Gen 1619:	20577	36	797	11651	6939
Gen 1620:	20574	35	803	11636	6952
Gen 1621:	20583	36	801	11632	6948
Gen 1622:	20574	39	810	11644	6933
Gen 1623:	20538	37	818	11666	6941
Gen 1624:	20518	41	819	11686	6936
Gen 1625:	20597	43	815	11615	6930
Gen 1626:	20640	46	804	11590	6920
Gen 1627:	20658	43	800	11619	6880
Gen 1628:	20713	42	800	11580	6865
Gen 1629:	20728	46	803	11544	6879
Gen 1630:	20712	46	799	11560	6883
Gen 1631:	20677	47	809	11565	6902
Gen 1632:	20705	46	810	11534	6905
Gen 1633:	20655	50	818	11559	6918
Gen 1634:	20644	47	808	11561	6940
Gen 1635:	20636	45	814	11590	6915
Gen 1636:	20603	47	818	11606	6926
Gen 1637:	20600	45	820	11589	6946
Gen 1638:	20592	42	825	11575	6966
Gen 1639:	20573	45	834	11576	6972
Gen 1640:	20537	45	841	11594	6983
Gen 1641:	20530	46	853	11598	6973
Gen 1642:	20555	48	853	11593	6951
Gen 1643:	20600	47	857	11574	6922
Gen 1644:	20589	48	850	11598	6915
Gen 1645:	20598	48	847	11603	6904
Gen 1646:	20631	48	856	11571	6894
Gen 1647:	20647	46	856	11563	6888
Gen 1648:	20682	45	854	11570	6849
Gen 1649:	20641	44	854	11574	6887
Gen 1650:	20626	46	846	11598	6884
Gen 1651:	20622	43	844	11601	6890
Gen 1652:	20583	40	849	11605	6923
Gen 1653:	20568	38	859	11620	6915
Gen 1654:	20580	33	853	11616	6918
Gen 1655:	20600	37	862	11629	6872
Gen 1656:	20623	35	858	11612	6872
Gen 1657:	20643	37	859	11598	6863
Gen 1658:	20609	37	863	11618	6873
Gen 1659:	20637	36	867	11617	6843
Gen 1660:	20612	39	859	11644	6846
Gen 1661:	20600	39	874	11620	6867
Gen 1662:	20592	40	885	11610	6873
Gen 1663:	20598	40	878	11623	6861
Gen 1664:	20556	42	880	11634	6888
Gen 1665:	20599	45	881	11596	6879
Gen 1666:	20601	44	878	11595	6882
Gen 1667:	20573	47	868	11631	6881
Gen 1668:	20581	43	880	11621	6875
Gen 1669:	20599	39	872	11636	6854
Gen 1670:	20565	37	875	11649	6874
Gen 1671:	20621	37	881	11600	6861
Gen 1672:	20664	39	877	11557	6863
Gen 1673:	20660	37	879	11561	6863
Gen 1674:	20653	36	877	11545	6889
Gen 1675:	20563	34	884	11613	6906
Gen 1676:	20538	36	882	11616	6928
Gen 1677:	20525	36	881	11618	6940
Gen 1678:	20531	35	869	11617	6948
Gen 1679:	20523	37	870	11587	6983
Gen 1680:	20539	35	880	11571	6975
Gen 1681:	20534	32	877	11553	7004
Gen 1682:	20481	32	876	11585	7026
Gen 1683:	20493	28	861	11586	7032
Gen 1684:	20544	28	855	11579	6994
Gen 1685:	20571	29	853	11557	6990
Gen 1686:	20632	29	844	11524	6971
Gen 1687:	20568	30	850	11532	7020
Gen 1688:	20537	31	846	11544	7042
Gen 1689:	20563	32	849	11539	7017
Gen 1690:	20572	28	846	11500	7054
Gen 1691:	20615	28	847	11501	7009
Gen 1692:	20572	29	851	11521	7027
Gen 1693:	20569	27	857	11529	7018
Gen 1694:	20599	27	860	11485	7029
Gen 1695:	20603	27	864	11453	7053
Gen 1696:	20653	30	857	11406	7054
Gen 1697:	20724	29	862	11368	7017
Gen 1698:	20728	28	847	11385	7012
Gen 1699:	20691	26	856	11421	7006
Gen 1700:	20690	25	852	11423	7010
Gen 1701:	20658	26	843	11442	7031
Gen 1702:	20668	26	835	11447	7024
Gen 1703:	20760	22	831	11410	6977
Gen 1704:	20741	22	829	11412	6996
Gen 1705:	20673	22	834	11446	7025
Gen 1706:	20597	22	833	11482	7066
Gen 1707:	20535	22	832	11541	7070
Gen 1708:	20504	23	842	11552	7079
Gen 1709:	20480	25	839	11585	7071
Gen 1710:	20493	23	838	11580	7066
Gen 1711:	20467	21	836	11578	7098
Gen 1712:	20466	22	838	11588	7086
Gen 1713:	20455	25	840	11588	7092
Gen 1714:	20405	23	834	11621	7117
Gen 1715:	20441	20	831	11593	7115
Gen 1716:	20473	24	832	11568	7103
Gen 1717:	20511	24	832	11539	7094
Gen 1718:	20604	23	814	11475	7084
Gen 1719:	20564	22	811	11478	7125
Gen 1720:	20527	23	807	11492	7151
Gen 1721:	20495	23	807	11510	7165
Gen 1722:	20548	19	796	11494	7143
Gen 1723:	20548	21	803	11455	7173
Gen 1724:	20582	20	810	11422	7166
Gen 1725:	20602	20	815	11430	7133
Gen 1726:	20655	21	809	11437	7078
Gen 1727:	20669	21	814	11404	7092
Gen 1728:	20690	19	818	11378	7095
Gen 1729:	20687	17	803	11373	7120
Gen 1730:	20726	18	802	11326	7128
Gen 1731:	20727	19	807	11323	7124
Gen 1732:	20713	21	796	11325	7145
Gen 1733:	20713	17	805	11303	7162
Gen 1734:	20696	17	797	11335	7155
Gen 1735:	20704	16	801	11301	7178
Gen 1736:	20710	18	803	11282	7187
Gen 1737:	20685	21	804	11317	7173
Gen 1738:	20649	24	815	11346	7166
Gen 1739:	20668	22	803	11334	7173
Gen 1740:	20669	22	802	11359	7148
Gen 1741:	20662	23	804	11351	7160
Gen 1742:	20684	21	794	11341	7160
Gen 1743:	20641	21	787	11386	7165
Gen 1744:	20681	23	775	11371	7150
Gen 1745:	20639	24	779	11418	7140
Gen 1746:	20589	24	786	11430	7171
Gen 1747:	20658	22	774	11391	7155
Gen 1748:	20669	21	771	11386	7153
Gen 1749:	20692	21	764	11373	7150
Gen 1750:	20657	20	775	11392	7156
Gen 1751:	20657	18	770	11416	7139
Gen 1752:	20692	16	765	11391	7136
Gen 1753:	20651	18	765	11399	7167
Gen 1754:	20625	16	749	11463	7147
Gen 1755:	20539	18	750	11493	7200
Gen 1756:	20524	17	747	11490	7222
Gen 1757:	20533	17	735	11511	7204
Gen 1758:	20567	14	722	11517	7180
Gen 1759:	20621	14	711	11517	7137
Gen 1760:	20644	16	709	11502	7129
Gen 1761:	20654	15	716	11475	7140
Gen 1762:	20660	15	726	11469	7130
Gen 1763:	20656	14	723	11497	7110
Gen 1764:	20625	14	723	11518	7120
Gen 1765:	20577	14	720	11533	7156
Gen 1766:	20605	14	733	11497	7151
Gen 1767:	20595	14	734	11506	7151
Gen 1768:	20607	15	731	11491	7156
Gen 1769:	20591	14	725	11540	7130
Gen 1770:	20522	13	731	11577	7157
Gen 1771:	20539	15	732	11528	7186
Gen 1772:	20537	11	744	11505	7203
Gen 1773:	20572	12	751	11510	7155
Gen 1774:	20616	11	759	11460	7154
Gen 1775:	20595	13	760	11496	7136
Gen 1776:	20632	13	766	11484	7105
Gen 1777:	20660	14	758	11461	7107
Gen 1778:	20616	16	751	11486	7131
Gen 1779:	20577	16	748	11530	7129
Gen 1780:	20547	15	755	11532	7151
Gen 1781:	20575	18	742	11531	7134
Gen 1782:	20612	18	747	11495	7128
Gen 1783:	20630	17	751	11479	7123
Gen 1784:	20614	14	741	11499	7132
Gen 1785:	20609	14	752	11507	7118
Gen 1786:	20626	13	735	11491	7135
Gen 1787:	20642	11	732	11444	7171
Gen 1788:	20633	10	721	11480	7156
Gen 1789:	20624	11	712	11478	7175
Gen 1790:	20640	14	703	11458	7185
Gen 1791:	20703	13	699	11432	7153
Gen 1792:	20685	15	698	11479	7123
Gen 1793:	20712	15	699	11445	7129
Gen 1794:	20665	15	702	11466	7152
Gen 1795:	20659	16	705	11481	7139
Gen 1796:	20683	17	695	11478	7127
Gen 1797:	20661	17	691	11512	7119
Gen 1798:	20660	16	692	11541	7091
Gen 1799:	20693	15	703	11527	7062
Gen 1800:	20694	17	706	11540	7043
Gen 1801:	20718	17	704	11516	7045
Gen 1802:	20769	16	699	11490	7026
Gen 1803:	20706	16	710	11514	7054
Gen 1804:	20717	16	719	11517	7031
Gen 1805:	20717	16	721	11517	7029
Gen 1806:	20784	14	714	11507	6981
Gen 1807:	20791	14	715	11508	6972
Gen 1808:	20813	18	716	11515	6938
Gen 1809:	20789	16	715	11542	6938
Gen 1810:	20747	17	700	11583	6953
Gen 1811:	20769	14	698	11580	6939
Gen 1812:	20752	14	701	11594	6939
Gen 1813:	20777	15	698	11583	6927
Gen 1814:	20793	15	695	11579	6918
Gen 1815:	20823	16	689	11563	6909
Gen 1816:	20796	15	681	11562	6946
Gen 1817:	20786	14	688	11552	6960
Gen 1818:	20759	14	673	11575	6979
Gen 1819:	20708	14	681	11617	6980
Gen 1820:	20712	15	690	11621	6962
Gen 1821:	20746	17	669	11621	6947
Gen 1822:	20731	18	667	11612	6972
Gen 1823:	20739	17	666	11608	6970
Gen 1824:	20725	16	666	11604	6989
Gen 1825:	20732	18	659	11636	6955
Gen 1826:	20734	18	649	11635	6964
Gen 1827:	20682	15	645	11680	6978
Gen 1828:	20676	16	656	11640	7012
Gen 1829:	20680	15	649	11618	7038
Gen 1830:	20689	16	663	11594	7038
Gen 1831:	20694	19	647	11608	7032
Gen 1832:	20669	15	655	11637	7024
Gen 1833:	20678	15	640	11644	7023
Gen 1834:	20686	15	639	11631	7029
Gen 1835:	20687	14	632	11651	7016
Gen 1836:	20684	14	627	11657	7018
Gen 1837:	20717	12	626	11640	7005
Gen 1838:	20743	12	625	11620	7000
Gen 1839:	20701	13	624	11645	7017
Gen 1840:	20718	13	617	11620	7032
Gen 1841:	20708	13	613	11632	7034
Gen 1842:	20787	16	611	11537	7049
Gen 1843:	20802	15	616	11539	7028
Gen 1844:	20833	13	612	11522	7020
Gen 1845:	20838	14	613	11527	7008
Gen 1846:	20818	13	610	11549	7010
Gen 1847:	20807	13	610	11533	7037
Gen 1848:	20775	14	608	11547	7056
Gen 1849:	20833	16	607	11524	7020
Gen 1850:	20799	13	611	11529	7048
Gen 1851:	20730	13	610	11551	7096
Gen 1852:	20739	13	601	11540	7107
Gen 1853:	20699	14	601	11557	7129
Gen 1854:	20647	14	589	11610	7140
Gen 1855:	20663	14	589	11623	7111
Gen 1856:	20698	16	583	11619	7084
Gen 1857:	20673	18	587	11661	7061
Gen 1858:	20683	14	591	11648	7064
Gen 1859:	20688	12	595	11647	7058
Gen 1860:	20656	12	594	11676	7062
Gen 1861:	20615	12	595	11692	7086
Gen 1862:	20625	12	592	11675	7096
Gen 1863:	20635	10	587	11664	7104
Gen 1864:	20646	9	572	11662	7111
Gen 1865:	20673	9	567	11657	7094
Gen 1866:	20650	9	572	11665	7104
Gen 1867:	20636	9	582	11648	7125
Gen 1868:	20607	9	584	11667	7133
Gen 1869:	20592	9	587	11677	7135
Gen 1870:	20604	8	578	11687	7123
Gen 1871:	20601	8	560	11707	7124
Gen 1872:	20609	7	554	11715	7115
Gen 1873:	20622	6	550	11709	7113
Gen 1874:	20694	5	553	11634	7114
Gen 1875:	20693	6	552	11642	7107
Gen 1876:	20685	6	545	11639	7125
Gen 1877:	20673	6	556	11635	7130
Gen 1878:	20636	6	552	11666	7140
Gen 1879:	20578	6	561	11691	7164
Gen 1880:	20584	6	560	11695	7155
Gen 1881:	20549	7	550	11743	7151
Gen 1882:	20549	7	550	11758	7136
Gen 1883:	20511	7	556	11777	7149
Gen 1884:	20524	6	556	11758	7156
Gen 1885:	20518	7	557	11720	7198
Gen 1886:	20573	6	555	11690	7176
Gen 1887:	20619	5	551	11663	7162
Gen 1888:	20629	6	553	11658	7154
Gen 1889:	20648	6	547	11645	7154
Gen 1890:	20672	6	561	11626	7135
Gen 1891:	20651	7	571	11642	7129
Gen 1892:	20632	6	569	11646	7147
Gen 1893:	20627	6	563	11643	7161
Gen 1894:	20613	6	572	11640	7169
Gen 1895:	20651	6	570	11619	7154
Gen 1896:	20614	6	566	11641	7173
Gen 1897:	20661	6	566	11619	7148
Gen 1898:	20682	8	564	11594	7152
Gen 1899:	20690	9	559	11602	7140
Gen 1900:	20734	8	557	11581	7120
Gen 1901:	20685	10	557	11640	7108
Gen 1902:	20674	7	568	11632	7119
Gen 1903:	20715	6	574	11622	7083
Gen 1904:	20723	4	581	11634	7058
Gen 1905:	20711	4	576	11626	7083
Gen 1906:	20698	4	582	11644	7072
Gen 1907:	20661	5	595	11696	7043
Gen 1908:	20676	4	604	11666	7050
Gen 1909:	20660	4	613	11660	7063
Gen 1910:	20718	3	611	11618	7050
Gen 1911:	20784	3	604	11586	7023
Gen 1912:	20765	2	593	11599	7041
Gen 1913:	20747	2	590	11619	7042
Gen 1914:	20753	2	598	11597	7050
Gen 1915:	20782	2	599	11562	7055
Gen 1916:	20778	2	597	11566	7057
Gen 1917:	20774	2	588	11581	7055
Gen 1918:	20752	2	590	11611	7045
Gen 1919:	20736	2	587	11621	7054
Gen 1920:	20705	3	581	11668	7043
Gen 1921:	20710	3	579	11653	7055
Gen 1922:	20671	3	582	11662	7082
Gen 1923:	20616	3	578	11710	7093
Gen 1924:	20624	2	575	11700	7099
Gen 1925:	20646	2	578	11693	7081
Gen 1926:	20678	2	574	11665	7081
Gen 1927:	20653	2	567	11692	7086
Gen 1928:	20683	2	575	11680	7060
Gen 1929:	20685	2	574	11640	7099
Gen 1930:	20644	2	576	11658	7120
Gen 1931:	20646	2	576	11659	7117
Gen 1932:	20591	2	582	11698	7127
Gen 1933:	20569	1	572	11708	7150
Gen 1934:	20515	2	576	11743	7164
Gen 1935:	20587	2	577	11712	7122
Gen 1936:	20593	2	585	11702	7118
Gen 1937:	20601	2	582	11686	7129
Gen 1938:	20641	2	577	11673	7107
Gen 1939:	20612	2	579	11710	7097
Gen 1940:	20596	2	574	11679	7149
Gen 1941:	20657	2	577	11653	7111
Gen 1942:	20624	2	576	11696	7102
Gen 1943:	20644	2	573	11668	7113
Gen 1944:	20568	2	574	11728	7128
Gen 1945:	20519	2	579	11763	7137
Gen 1946:	20519	2	576	11782	7121
Gen 1947:	20569	1	573	11724	7133
Gen 1948:	20537	1	576	11729	7157
Gen 1949:	20554	1	578	11739	7128
Gen 1950:	20535	1	589	11739	7136
Gen 1951:	20511	1	587	11736	7165
Gen 1952:	20522	1	583	11730	7164
Gen 1953:	20532	1	579	11713	7175
Gen 1954:	20578	2	573	11678	7169
Gen 1955:	20600	2	572	11703	7123
Gen 1956:	20592	2	565	11706	7135
Gen 1957:	20569	2	563	11741	7125
Gen 1958:	20543	2	559	11743	7153
Gen 1959:	20594	2	559	11694	7151
Gen 1960:	20564	2	558	11707	7169
Gen 1961:	20561	2	562	11689	7186
Gen 1962:	20591	2	554	11676	7177
Gen 1963:	20539	2	539	11701	7219
Gen 1964:	20534	2	547	11720	7197
Gen 1965:	20526	2	543	11725	7204
Gen 1966:	20550	2	548	11733	7167
Gen 1967:	20593	2	551	11688	7166
Gen 1968:	20571	2	555	11673	7199
Gen 1969:	20570	2	559	11689	7180
Gen 1970:	20592	2	554	11666	7186
Gen 1971:	20578	1	546	11694	7181
Gen 1972:	20580	1	538	11685	7196
Gen 1973:	20556	1	536	11724	7183
Gen 1974:	20543	1	530	11746	7180
Gen 1975:	20542	1	531	11748	7178
Gen 1976:	20523	1	518	11771	7187
Gen 1977:	20506	1	518	11778	7197
Gen 1978:	20539	1	517	11733	7210
Gen 1979:	20473	2	518	11794	7213
Gen 1980:	20482	2	506	11788	7222
Gen 1981:	20459	2	504	11804	7231
Gen 1982:	20491	4	508	11777	7220
Gen 1983:	20486	3	504	11776	7231
Gen 1984:	20527	2	506	11749	7216
Gen 1985:	20498	2	523	11739	7238
Gen 1986:	20439	2	512	11793	7254
Gen 1987:	20427	3	506	11809	7255
Gen 1988:	20500	3	496	11784	7217
Gen 1989:	20516	4	491	11760	7229
Gen 1990:	20477	3	491	11794	7235
Gen 1991:	20490	2	486	11781	7241
Gen 1992:	20488	2	482	11794	7234
Gen 1993:	20447	3	481	11817	7252
Gen 1994:	20477	2	467	11803	7251
Gen 1995:	20526	2	481	11750	7241
Gen 1996:	20489	2	485	11778	7246
Gen 1997:	20500	2	486	11772	7240
Gen 1998:	20461	2	490	11794	7253
Gen 1999:	20481	2	475	11804	7238
Gen 2000:	20470	2	472	11802	7254
Gen 2001:	20515	2	471	11767	7245
Gen 2002:	20509	2	460	11758	7271
Gen 2003:	20475	2	460	11808	7255
Gen 2004:	20415	1	460	11862	7262
Gen 2005:	20397	1	458	11885	7259
Gen 2006:	20334	1	466	11921	7278
Gen 2007:	20325	1	462	11901	7311
Gen 2008:	20297	1	458	11920	7324
Gen 2009:	20279	1	459	11947	7314
Gen 2010:	20268	1	463	11965	7303
Gen 2011:	20341	1	456	11896	7306
Gen 2012:	20331	0	455	11906	7308
Gen 2013:	20351	0	456	11933	7260
Gen 2014:	20378	0	453	11917	7252
Gen 2015:	20356	0	453	11923	7268
Gen 2016:	20330	0	459	11947	7264
Gen 2017:	20400	0	455	11916	7229
Gen 2018:	20440	0	449	11873	7238
Gen 2019:	20443	0	450	11878	7229
Gen 2020:	20478	0	443	11857	7222
Gen 2021:	20504	0	449	11790	7257
Gen 2022:	20515	0	444	11799	7242
Gen 2023:	20538	0	439	11791	7232
Gen 2024:	20528	0	434	11822	7216
Gen 2025:	20518	0	429	11822	7231
Gen 2026:	20534	0	419	11811	7236
Gen 2027:	20501	0	417	11837	7245
Gen 2028:	20449	0	410	11887	7254
Gen 2029:	20479	0	408	11856	7257
Gen 2030:	20476	0	408	11847	7269
Gen 2031:	20452	0	406	11858	7284
Gen 2032:	20432	0	409	11877	7282
Gen 2033:	20404	0	413	11899	7284
Gen 2034:	20427	0	404	11912	7257
Gen 2035:	20450	0	398	11870	7282
Gen 2036:	20411	0	403	11893	7293
Gen 2037:	20409	0	400	11889	7302
Gen 2038:	20386	0	409	11882	7323
Gen 2039:	20405	0	407	11903	7285
Gen 2040:	20375	0	403	11918	7304
Gen 2041:	20315	0	407	11948	7330
Gen 2042:	20382	0	406	11896	7316
Gen 2043:	20385	0	408	11860	7347
Gen 2044:	20456	0	405	11836	7303
Gen 2045:	20544	0	399	11789	7268
Gen 2046:	20559	0	399	11790	7252
Gen 2047:	20609	0	394	11741	7256
Gen 2048:	20597	0	396	11746	7261
Gen 2049:	20603	0	393	11764	7240
Gen 2050:	20610	0	393	11777	7220
Gen 2051:	20636	0	394	11760	7210
Gen 2052:	20659	0	397	11761	7183
Gen 2053:	20645	0	394	11738	7223
Gen 2054:	20671	0	396	11717	7216
Gen 2055:	20631	0	393	11743	7233
Gen 2056:	20633	0	406	11740	7221
Gen 2057:	20591	0	413	11760	7236
Gen 2058:	20591	0	410	11745	7254
Gen 2059:	20604	0	410	11734	7252
Gen 2060:	20558	0	411	11766	7265
Gen 2061:	20541	0	401	11798	7260
Gen 2062:	20502	0	402	11813	7283
Gen 2063:	20439	0	403	11846	7312
Gen 2064:	20448	0	404	11846	7302
Gen 2065:	20472	0	399	11799	7330
Gen 2066:	20477	0	403	11774	7346
Gen 2067:	20577	0	402	11687	7334
Gen 2068:	20600	0	404	11679	7317
Gen 2069:	20591	0	406	11687	7316
Gen 2070:	20521	0	417	11711	7351
Gen 2071:	20549	0	418	11700	7333
Gen 2072:	20523	0	418	11717	7342
Gen 2073:	20519	0	415	11695	7371
Gen 2074:	20532	0	409	11717	7342
Gen 2075:	20579	0	413	11693	7315
Gen 2076:	20545	0	417	11717	7321
Gen 2077:	20525	0	423	11708	7344
Gen 2078:	20597	0	413	11723	7267
Gen 2079:	20649	0	406	11735	7210
Gen 2080:	20643	0	407	11732	7218
Gen 2081:	20663	0	408	11725	7204
Gen 2082:	20672	0	403	11703	7222
Gen 2083:	20690	0	403	11733	7174
Gen 2084:	20674	0	400	11714	7212
Gen 2085:	20699	0	397	11703	7201
Gen 2086:	20697	0	393	11690	7220
Gen 2087:	20681	0	388	11714	7217
Gen 2088:	20681	0	397	11719	7203
Gen 2089:	20651	0	390	11763	7196
Gen 2090:	20593	0	380	11793	7234
Gen 2091:	20596	0	377	11801	7226
Gen 2092:	20661	0	377	11762	7200
Gen 2093:	20625	0	374	11764	7237
Gen 2094:	20645	0	387	11732	7236
Gen 2095:	20618	0	387	11791	7204
Gen 2096:	20592	0	387	11803	7218
Gen 2097:	20562	0	391	11820	7227
Gen 2098:	20524	0	392	11857	7227
Gen 2099:	20538	0	385	11857	7220
Gen 2100:	20593	0	389	11828	7190
Gen 2101:	20591	0	384	11832	7193
Gen 2102:	20559	0	384	11821	7236
Gen 2103:	20578	0	384	11811	7227
Gen 2104:	20547	0	381	11849	7223
Gen 2105:	20506	0	388	11855	7251
Gen 2106:	20518	0	385	11837	7260
Gen 2107:	20562	0	383	11831	7224
Gen 2108:	20570	0	383	11806	7241
Gen 2109:	20514	0	373	11811	7302
Gen 2110:	20523	0	367	11796	7314
Gen 2111:	20488	0	361	11809	7342
Gen 2112:	20534	0	360	11768	7338
Gen 2113:	20517	0	360	11791	7332
Gen 2114:	20520	0	349	11811	7320
Gen 2115:	20514	0	347	11856	7283
Gen 2116:	20450	0	347	11924	7279
Gen 2117:	20454	0	352	11921	7273
Gen 2118:	20420	0	346	11941	7293
Gen 2119:	20449	0	344	11910	7297
Gen 2120:	20473	0	338	11880	7309
Gen 2121:	20419	0	340	11891	7350
Gen 2122:	20466	0	330	11857	7347
Gen 2123:	20520	0	323	11816	7341
Gen 2124:	20616	0	326	11750	7308
Gen 2125:	20581	0	322	11797	7300
Gen 2126:	20560	0	330	11820	7290
Gen 2127:	20562	0	335	11809	7294
Gen 2128:	20612	0	332	11786	7270
Gen 2129:	20605	0	331	11775	7289
Gen 2130:	20641	0	335	11732	7292
Gen 2131:	20620	0	341	11725	7314
Gen 2132:	20579	0	336	11764	7321
Gen 2133:	20555	0	343	11792	7310
Gen 2134:	20607	0	343	11760	7290
Gen 2135:	20597	0	341	11771	7291
Gen 2136:	20587	0	340	11757	7316
Gen 2137:	20584	0	339	11752	7325
Gen 2138:	20609	0	341	11731	7319
Gen 2139:	20659	0	339	11675	7327
Gen 2140:	20653	0	344	11672	7331
Gen 2141:	20645	0	341	11671	7343
Gen 2142:	20680	0	336	11632	7352
Gen 2143:	20671	0	327	11650	7352
Gen 2144:	20669	0	329	11664	7338
Gen 2145:	20695	0	323	11666	7316
Gen 2146:	20711	0	331	11670	7288
Gen 2147:	20706	0	340	11644	7310
Gen 2148:	20750	0	336	11613	7301
Gen 2149:	20767	0	349	11579	7305
Gen 2150:	20819	0	348	11536	7297
Gen 2151:	20846	0	338	11517	7299
Gen 2152:	20780	0	338	11548	7334
Gen 2153:	20753	0	338	11580	7329
Gen 2154:	20716	0	335	11598	7351
Gen 2155:	20648	0	337	11648	7367
Gen 2156:	20642	0	342	11637	7379
Gen 2157:	20649	0	345	11618	7388
Gen 2158:	20628	0	346	11615	7411
Gen 2159:	20648	0	340	11622	7390
Gen 2160:	20631	0	339	11647	7383
Gen 2161:	20655	0	337	11653	7355
Gen 2162:	20629	0	333	11657	7381
Gen 2163:	20605	0	333	11677	7385
Gen 2164:	20611	0	327	11665	7397
Gen 2165:	20617	0	328	11675	7380
Gen 2166:	20672	0	327	11648	7353
Gen 2167:	20661	0	325	11657	7357
Gen 2168:	20628	0	320	11711	7341
Gen 2169:	20586	0	332	11726	7356
Gen 2170:	20539	0	334	11732	7395
Gen 2171:	20562	0	334	11726	7378
Gen 2172:	20506	0	344	11750	7400
Gen 2173:	20491	0	351	11764	7394
Gen 2174:	20499	0	351	11772	7378
Gen 2175:	20568	0	350	11735	7347
Gen 2176:	20611	0	350	11725	7314
Gen 2177:	20640	0	353	11693	7314
Gen 2178:	20638	0	350	11684	7328
Gen 2179:	20658	0	351	11681	7310
Gen 2180:	20647	0	354	11676	7323
Gen 2181:	20642	0	347	11700	7311
Gen 2182:	20668	0	345	11697	7290
Gen 2183:	20655	0	349	11716	7280
Gen 2184:	20639	0	359	11698	7304
Gen 2185:	20603	0	358	11739	7300
Gen 2186:	20642	0	362	11736	7260
Gen 2187:	20659	0	360	11719	7262
Gen 2188:	20630	0	362	11750	7258
Gen 2189:	20610	0	365	11775	7250
Gen 2190:	20723	0	358	11688	7231
Gen 2191:	20710	0	365	11713	7212
Gen 2192:	20702	0	365	11720	7213
Gen 2193:	20758	0	360	11685	7197
Gen 2194:	20771	0	355	11705	7169
Gen 2195:	20740	0	366	11691	7203
Gen 2196:	20745	0	357	11686	7212
Gen 2197:	20703	0	368	11689	7240
Gen 2198:	20726	0	366	11664	7244
Gen 2199:	20723	0	375	11672	7230
Gen 2200:	20713	0	376	11669	7242
Gen 2201:	20724	0	364	11665	7247
Gen 2202:	20728	0	355	11677	7240
Gen 2203:	20783	0	356	11657	7204
Gen 2204:	20822	0	348	11629	7201
Gen 2205:	20783	0	352	11661	7204
Gen 2206:	20784	0	349	11688	7179
Gen 2207:	20817	0	346	11663	7174
Gen 2208:	20793	0	355	11669	7183
Gen 2209:	20774	0	357	11667	7202
Gen 2210:	20840	0	357	11637	7166
Gen 2211:	20879	0	368	11598	7155
Gen 2212:	20889	0	370	11581	7160
Gen 2213:	20846	0	369	11604	7181
Gen 2214:	20785	0	366	11680	7169
Gen 2215:	20800	0	356	11675	7169
Gen 2216:	20793	0	351	11694	7162
Gen 2217:	20789	0	354	11709	7148
Gen 2218:	20777	0	353	11712	7158
Gen 2219:	20739	0	352	11751	7158
Gen 2220:	20783	0	351	11717	7149
Gen 2221:	20719	0	352	11791	7138
Gen 2222:	20760	0	357	11747	7136
Gen 2223:	20764	0	362	11750	7124
Gen 2224:	20758	0	358	11748	7136
Gen 2225:	20755	0	359	11730	7156
Gen 2226:	20816	0	362	11685	7137
Gen 2227:	20758	0	362	11710	7170
Gen 2228:	20804	0	356	11700	7140
Gen 2229:	20739	0	354	11757	7150
Gen 2230:	20737	0	344	11769	7150
Gen 2231:	20724	0	339	11807	7130
Gen 2232:	20749	0	340	11801	7110
Gen 2233:	20796	0	340	11771	7093
Gen 2234:	20775	0	342	11791	7092
Gen 2235:	20808	0	345	11757	7090
Gen 2236:	20777	0	355	11758	7110
Gen 2237:	20830	0	350	11724	7096
Gen 2238:	20840	0	342	11739	7079
Gen 2239:	20855	0	340	11711	7094
Gen 2240:	20821	0	339	11731	7109
Gen 2241:	20779	0	336	11741	7144
Gen 2242:	20768	0	333	11777	7122
Gen 2243:	20770	0	341	11767	7122
Gen 2244:	20762	0	343	11765	7130
Gen 2245:	20758	0	340	11769	7133
Gen 2246:	20760	0	334	11765	7141
Gen 2247:	20705	0	336	11800	7159
Gen 2248:	20775	0	328	11766	7131
Gen 2249:	20808	0	330	11778	7084
Gen 2250:	20773	0	315	11808	7104
Gen 2251:	20724	0	316	11842	7118
Gen 2252:	20704	0	327	11822	7147
Gen 2253:	20715	0	322	11799	7164
Gen 2254:	20718	0	324	11824	7134
Gen 2255:	20692	0	318	11855	7135
Gen 2256:	20678	0	320	11865	7137
Gen 2257:	20679	0	313	11854	7154
Gen 2258:	20677	0	302	11883	7138
Gen 2259:	20642	0	302	11892	7164
Gen 2260:	20612	0	297	11909	7182
Gen 2261:	20656	0	299	11890	7155
Gen 2262:	20712	0	295	11843	7150
Gen 2263:	20717	0	301	11823	7159
Gen 2264:	20752	0	295	11805	7148
Gen 2265:	20737	0	298	11829	7136
Gen 2266:	20716	0	308	11855	7121
Gen 2267:	20717	0	310	11862	7111
Gen 2268:	20722	0	317	11836	7125
Gen 2269:	20698	0	321	11847	7134
Gen 2270:	20684	0	316	11841	7159
Gen 2271:	20664	0	323	11813	7200
Gen 2272:	20641	0	319	11820	7220
Gen 2273:	20610	0	318	11832	7240
Gen 2274:	20568	0	315	11848	7269
Gen 2275:	20552	0	312	11863	7273
Gen 2276:	20595	0	310	11841	7254
Gen 2277:	20553	0	308	11902	7237
Gen 2278:	20567	0	306	11896	7231
Gen 2279:	20539	0	306	11888	7267
Gen 2280:	20607	0	303	11851	7239
Gen 2281:	20587	0	300	11898	7215
Gen 2282:	20564	0	308	11904	7224
Gen 2283:	20559	0	308	11916	7217
Gen 2284:	20576	0	308	11925	7191
Gen 2285:	20560	0	310	11929	7201
Gen 2286:	20589	0	301	11916	7194
Gen 2287:	20575	0	302	11906	7217
Gen 2288:	20592	0	301	11881	7226
Gen 2289:	20570	0	298	11895	7237
Gen 2290:	20555	0	293	11890	7262
Gen 2291:	20570	0	281	11888	7261
Gen 2292:	20574	0	283	11880	7263
Gen 2293:	20566	0	285	11870	7279
Gen 2294:	20517	0	283	11930	7270
Gen 2295:	20503	0	281	11949	7267
Gen 2296:	20587	0	274	11884	7255
Gen 2297:	20608	0	281	11867	7244
Gen 2298:	20674	0	276	11821	7229
Gen 2299:	20702	0	268	11828	7202
Gen 2300:	20702	0	269	11805	7224
Gen 2301:	20664	0	267	11828	7241
Gen 2302:	20658	0	270	11799	7273
Gen 2303:	20671	0	270	11764	7295
Gen 2304:	20658	0	271	11764	7307
Gen 2305:	20649	0	276	11782	7293
Gen 2306:	20702	0	272	11725	7301
Gen 2307:	20718	0	272	11724	7286
Gen 2308:	20731	0	268	11696	7305
Gen 2309:	20730	0	273	11714	7283
Gen 2310:	20709	0	273	11714	7304
Gen 2311:	20692	0	273	11725	7310
Gen 2312:	20638	0	274	11789	7299
Gen 2313:	20640	0	277	11774	7309
Gen 2314:	20630	0	275	11762	7333
Gen 2315:	20610	0	278	11773	7339
Gen 2316:	20643	0	274	11744	7339
Gen 2317:	20647	0	277	11741	7335
Gen 2318:	20641	0	273	11762	7324
Gen 2319:	20595	0	287	11791	7327
Gen 2320:	20656	0	283	11739	7322
Gen 2321:	20682	0	277	11742	7299
Gen 2322:	20708	0	276	11709	7307
Gen 2323:	20706	0	278	11702	7314
Gen 2324:	20714	0	277	11686	7323
Gen 2325:	20704	0	283	11717	7296
Gen 2326:	20632	0	276	11782	7310
Gen 2327:	20577	0	271	11815	7337
Gen 2328:	20625	0	272	11761	7342
